# matchedfilter COST table -- RELATIVE cost per configuration
#
# device  AMD Radeon 8060S Graphics (RADV GFX1151)
# arch    gfx11  (also used for: gfx1151, gfx11, amd)
# commit  c4510bf
#
# Measured on a GPU, with the data already resident: host
# transfers are not part of the configuration's cost and
# would swamp the differences between configurations.
#
# U is always 2 and K is unused on this backend -- the kernel
# computes both coarse halves and escalates the interpolation
# window rather than interpolating it -- so rows sharing an
# (n, band, snr, margin) share a measurement. They are emitted
# per (U, K) anyway so the table's key matches the CPU one.
#
# COST n band U K snr f beff margin rel
COST 1024 512 2 4 5.00 1.0000 49.2 0.900 0.8528
COST 1024 512 2 8 5.00 1.0000 49.2 0.900 0.8528
COST 1024 512 2 4 5.00 1.0000 49.2 0.940 0.8711
COST 1024 512 2 8 5.00 1.0000 49.2 0.940 0.8711
COST 1024 512 2 4 5.00 1.0000 49.2 0.970 0.8197
COST 1024 512 2 8 5.00 1.0000 49.2 0.970 0.8197
COST 1024 512 2 4 5.00 1.0000 49.2 1.000 0.8534
COST 1024 512 2 8 5.00 1.0000 49.2 1.000 0.8534
COST 1024 256 2 4 5.00 0.9882 48.0 0.900 0.6825
COST 1024 256 2 8 5.00 0.9882 48.0 0.900 0.6825
COST 1024 256 2 4 5.00 0.9882 48.0 0.940 0.6120
COST 1024 256 2 8 5.00 0.9882 48.0 0.940 0.6120
COST 1024 256 2 4 5.00 0.9882 48.0 0.970 0.6139
COST 1024 256 2 8 5.00 0.9882 48.0 0.970 0.6139
COST 1024 256 2 4 5.00 0.9882 48.0 1.000 0.6034
COST 1024 256 2 8 5.00 0.9882 48.0 1.000 0.6034
COST 1024 512 2 4 5.50 1.0000 49.2 0.900 1.0566
COST 1024 512 2 8 5.50 1.0000 49.2 0.900 1.0566
COST 1024 512 2 4 5.50 1.0000 49.2 0.940 1.0201
COST 1024 512 2 8 5.50 1.0000 49.2 0.940 1.0201
COST 1024 512 2 4 5.50 1.0000 49.2 0.970 1.0558
COST 1024 512 2 8 5.50 1.0000 49.2 0.970 1.0558
COST 1024 512 2 4 5.50 1.0000 49.2 1.000 1.0592
COST 1024 512 2 8 5.50 1.0000 49.2 1.000 1.0592
COST 1024 256 2 4 5.50 0.9882 48.0 0.900 0.7250
COST 1024 256 2 8 5.50 0.9882 48.0 0.900 0.7250
COST 1024 256 2 4 5.50 0.9882 48.0 0.940 0.8165
COST 1024 256 2 8 5.50 0.9882 48.0 0.940 0.8165
COST 1024 256 2 4 5.50 0.9882 48.0 0.970 0.7703
COST 1024 256 2 8 5.50 0.9882 48.0 0.970 0.7703
COST 1024 256 2 4 5.50 0.9882 48.0 1.000 0.7723
COST 1024 256 2 8 5.50 0.9882 48.0 1.000 0.7723
COST 1024 512 2 4 6.00 1.0000 49.2 0.900 1.0182
COST 1024 512 2 8 6.00 1.0000 49.2 0.900 1.0182
COST 1024 512 2 4 6.00 1.0000 49.2 0.940 0.9672
COST 1024 512 2 8 6.00 1.0000 49.2 0.940 0.9672
COST 1024 512 2 4 6.00 1.0000 49.2 0.970 1.0019
COST 1024 512 2 8 6.00 1.0000 49.2 0.970 1.0019
COST 1024 512 2 4 6.00 1.0000 49.2 1.000 1.0051
COST 1024 512 2 8 6.00 1.0000 49.2 1.000 1.0051
COST 1024 256 2 4 6.00 0.9882 48.0 0.900 0.7196
COST 1024 256 2 8 6.00 0.9882 48.0 0.900 0.7196
COST 1024 256 2 4 6.00 0.9882 48.0 0.940 0.7385
COST 1024 256 2 8 6.00 0.9882 48.0 0.940 0.7385
COST 1024 256 2 4 6.00 0.9882 48.0 0.970 0.6753
COST 1024 256 2 8 6.00 0.9882 48.0 0.970 0.6753
COST 1024 256 2 4 6.00 0.9882 48.0 1.000 0.7326
COST 1024 256 2 8 6.00 0.9882 48.0 1.000 0.7326
COST 1024 512 2 4 6.50 1.0000 49.2 0.900 0.9436
COST 1024 512 2 8 6.50 1.0000 49.2 0.900 0.9436
COST 1024 512 2 4 6.50 1.0000 49.2 0.940 0.9605
COST 1024 512 2 8 6.50 1.0000 49.2 0.940 0.9605
COST 1024 512 2 4 6.50 1.0000 49.2 0.970 0.9889
COST 1024 512 2 8 6.50 1.0000 49.2 0.970 0.9889
COST 1024 512 2 4 6.50 1.0000 49.2 1.000 0.9921
COST 1024 512 2 8 6.50 1.0000 49.2 1.000 0.9921
COST 1024 256 2 4 6.50 0.9882 48.0 0.900 0.6677
COST 1024 256 2 8 6.50 0.9882 48.0 0.900 0.6677
COST 1024 256 2 4 6.50 0.9882 48.0 0.940 0.6898
COST 1024 256 2 8 6.50 0.9882 48.0 0.940 0.6898
COST 1024 256 2 4 6.50 0.9882 48.0 0.970 0.7306
COST 1024 256 2 8 6.50 0.9882 48.0 0.970 0.7306
COST 1024 256 2 4 6.50 0.9882 48.0 1.000 0.7121
COST 1024 256 2 8 6.50 0.9882 48.0 1.000 0.7121
COST 2048 1024 2 4 5.00 1.0000 98.4 0.900 1.1676
COST 2048 1024 2 8 5.00 1.0000 98.4 0.900 1.1676
COST 2048 1024 2 4 5.00 1.0000 98.4 0.940 1.1280
COST 2048 1024 2 8 5.00 1.0000 98.4 0.940 1.1280
COST 2048 1024 2 4 5.00 1.0000 98.4 0.970 1.0231
COST 2048 1024 2 8 5.00 1.0000 98.4 0.970 1.0231
COST 2048 1024 2 4 5.00 1.0000 98.4 1.000 1.0606
COST 2048 1024 2 8 5.00 1.0000 98.4 1.000 1.0606
COST 2048 512 2 4 5.00 0.9882 96.1 0.900 0.9247
COST 2048 512 2 8 5.00 0.9882 96.1 0.900 0.9247
COST 2048 512 2 4 5.00 0.9882 96.1 0.940 0.8713
COST 2048 512 2 8 5.00 0.9882 96.1 0.940 0.8713
COST 2048 512 2 4 5.00 0.9882 96.1 0.970 0.7842
COST 2048 512 2 8 5.00 0.9882 96.1 0.970 0.7842
COST 2048 512 2 4 5.00 0.9882 96.1 1.000 0.7726
COST 2048 512 2 8 5.00 0.9882 96.1 1.000 0.7726
COST 2048 256 2 4 5.00 0.9583 90.4 0.900 0.7863
COST 2048 256 2 8 5.00 0.9583 90.4 0.900 0.7863
COST 2048 256 2 4 5.00 0.9583 90.4 0.940 0.7249
COST 2048 256 2 8 5.00 0.9583 90.4 0.940 0.7249
COST 2048 256 2 4 5.00 0.9583 90.4 0.970 0.7063
COST 2048 256 2 8 5.00 0.9583 90.4 0.970 0.7063
COST 2048 256 2 4 5.00 0.9583 90.4 1.000 0.6555
COST 2048 256 2 8 5.00 0.9583 90.4 1.000 0.6555
COST 2048 1024 2 4 5.50 1.0000 98.4 0.900 1.0859
COST 2048 1024 2 8 5.50 1.0000 98.4 0.900 1.0859
COST 2048 1024 2 4 5.50 1.0000 98.4 0.940 1.0338
COST 2048 1024 2 8 5.50 1.0000 98.4 0.940 1.0338
COST 2048 1024 2 4 5.50 1.0000 98.4 0.970 1.0419
COST 2048 1024 2 8 5.50 1.0000 98.4 0.970 1.0419
COST 2048 1024 2 4 5.50 1.0000 98.4 1.000 1.0425
COST 2048 1024 2 8 5.50 1.0000 98.4 1.000 1.0425
COST 2048 512 2 4 5.50 0.9882 96.1 0.900 0.7759
COST 2048 512 2 8 5.50 0.9882 96.1 0.900 0.7759
COST 2048 512 2 4 5.50 0.9882 96.1 0.940 0.7959
COST 2048 512 2 8 5.50 0.9882 96.1 0.940 0.7959
COST 2048 512 2 4 5.50 0.9882 96.1 0.970 0.8017
COST 2048 512 2 8 5.50 0.9882 96.1 0.970 0.8017
COST 2048 512 2 4 5.50 0.9882 96.1 1.000 0.7820
COST 2048 512 2 8 5.50 0.9882 96.1 1.000 0.7820
COST 2048 256 2 4 5.50 0.9583 90.4 0.900 0.7174
COST 2048 256 2 8 5.50 0.9583 90.4 0.900 0.7174
COST 2048 256 2 4 5.50 0.9583 90.4 0.940 0.6647
COST 2048 256 2 8 5.50 0.9583 90.4 0.940 0.6647
COST 2048 256 2 4 5.50 0.9583 90.4 0.970 0.6288
COST 2048 256 2 8 5.50 0.9583 90.4 0.970 0.6288
COST 2048 256 2 4 5.50 0.9583 90.4 1.000 0.6549
COST 2048 256 2 8 5.50 0.9583 90.4 1.000 0.6549
COST 2048 1024 2 4 6.00 1.0000 98.4 0.900 1.0048
COST 2048 1024 2 8 6.00 1.0000 98.4 0.900 1.0048
COST 2048 1024 2 4 6.00 1.0000 98.4 0.940 0.9935
COST 2048 1024 2 8 6.00 1.0000 98.4 0.940 0.9935
COST 2048 1024 2 4 6.00 1.0000 98.4 0.970 1.0017
COST 2048 1024 2 8 6.00 1.0000 98.4 0.970 1.0017
COST 2048 1024 2 4 6.00 1.0000 98.4 1.000 1.0274
COST 2048 1024 2 8 6.00 1.0000 98.4 1.000 1.0274
COST 2048 512 2 4 6.00 0.9882 96.1 0.900 0.7227
COST 2048 512 2 8 6.00 0.9882 96.1 0.900 0.7227
COST 2048 512 2 4 6.00 0.9882 96.1 0.940 0.7449
COST 2048 512 2 8 6.00 0.9882 96.1 0.940 0.7449
COST 2048 512 2 4 6.00 0.9882 96.1 0.970 0.7454
COST 2048 512 2 8 6.00 0.9882 96.1 0.970 0.7454
COST 2048 512 2 4 6.00 0.9882 96.1 1.000 0.7351
COST 2048 512 2 8 6.00 0.9882 96.1 1.000 0.7351
COST 2048 256 2 4 6.00 0.9583 90.4 0.900 0.6375
COST 2048 256 2 8 6.00 0.9583 90.4 0.900 0.6375
COST 2048 256 2 4 6.00 0.9583 90.4 0.940 0.6500
COST 2048 256 2 8 6.00 0.9583 90.4 0.940 0.6500
COST 2048 256 2 4 6.00 0.9583 90.4 0.970 0.6141
COST 2048 256 2 8 6.00 0.9583 90.4 0.970 0.6141
COST 2048 256 2 4 6.00 0.9583 90.4 1.000 0.6320
COST 2048 256 2 8 6.00 0.9583 90.4 1.000 0.6320
COST 2048 1024 2 4 6.50 1.0000 98.4 0.900 0.9637
COST 2048 1024 2 8 6.50 1.0000 98.4 0.900 0.9637
COST 2048 1024 2 4 6.50 1.0000 98.4 0.940 0.9954
COST 2048 1024 2 8 6.50 1.0000 98.4 0.940 0.9954
COST 2048 1024 2 4 6.50 1.0000 98.4 0.970 0.9175
COST 2048 1024 2 8 6.50 1.0000 98.4 0.970 0.9175
COST 2048 1024 2 4 6.50 1.0000 98.4 1.000 0.9779
COST 2048 1024 2 8 6.50 1.0000 98.4 1.000 0.9779
COST 2048 512 2 4 6.50 0.9882 96.1 0.900 0.7244
COST 2048 512 2 8 6.50 0.9882 96.1 0.900 0.7244
COST 2048 512 2 4 6.50 0.9882 96.1 0.940 0.6998
COST 2048 512 2 8 6.50 0.9882 96.1 0.940 0.6998
COST 2048 512 2 4 6.50 0.9882 96.1 0.970 0.7254
COST 2048 512 2 8 6.50 0.9882 96.1 0.970 0.7254
COST 2048 512 2 4 6.50 0.9882 96.1 1.000 0.7532
COST 2048 512 2 8 6.50 0.9882 96.1 1.000 0.7532
COST 2048 256 2 4 6.50 0.9583 90.4 0.900 0.5967
COST 2048 256 2 8 6.50 0.9583 90.4 0.900 0.5967
COST 2048 256 2 4 6.50 0.9583 90.4 0.940 0.6000
COST 2048 256 2 8 6.50 0.9583 90.4 0.940 0.6000
COST 2048 256 2 4 6.50 0.9583 90.4 0.970 0.5816
COST 2048 256 2 8 6.50 0.9583 90.4 0.970 0.5816
COST 2048 256 2 4 6.50 0.9583 90.4 1.000 0.5839
COST 2048 256 2 8 6.50 0.9583 90.4 1.000 0.5839
COST 4096 2048 2 4 5.00 1.0000 196.8 0.900 1.1887
COST 4096 2048 2 8 5.00 1.0000 196.8 0.900 1.1887
COST 4096 2048 2 4 5.00 1.0000 196.8 0.940 1.0627
COST 4096 2048 2 8 5.00 1.0000 196.8 0.940 1.0627
COST 4096 2048 2 4 5.00 1.0000 196.8 0.970 1.0227
COST 4096 2048 2 8 5.00 1.0000 196.8 0.970 1.0227
COST 4096 2048 2 4 5.00 1.0000 196.8 1.000 0.9900
COST 4096 2048 2 8 5.00 1.0000 196.8 1.000 0.9900
COST 4096 1024 2 4 5.00 0.9882 192.1 0.900 0.8484
COST 4096 1024 2 8 5.00 0.9882 192.1 0.900 0.8484
COST 4096 1024 2 4 5.00 0.9882 192.1 0.940 0.7172
COST 4096 1024 2 8 5.00 0.9882 192.1 0.940 0.7172
COST 4096 1024 2 4 5.00 0.9882 192.1 0.970 0.6898
COST 4096 1024 2 8 5.00 0.9882 192.1 0.970 0.6898
COST 4096 1024 2 4 5.00 0.9882 192.1 1.000 0.6872
COST 4096 1024 2 8 5.00 0.9882 192.1 1.000 0.6872
COST 4096 512 2 4 5.00 0.9584 180.8 0.900 0.7545
COST 4096 512 2 8 5.00 0.9584 180.8 0.900 0.7545
COST 4096 512 2 4 5.00 0.9584 180.8 0.940 0.5958
COST 4096 512 2 8 5.00 0.9584 180.8 0.940 0.5958
COST 4096 512 2 4 5.00 0.9584 180.8 0.970 0.6493
COST 4096 512 2 8 5.00 0.9584 180.8 0.970 0.6493
COST 4096 512 2 4 5.00 0.9584 180.8 1.000 0.5832
COST 4096 512 2 8 5.00 0.9584 180.8 1.000 0.5832
COST 4096 256 2 4 5.00 0.8832 154.4 0.900 0.6765
COST 4096 256 2 8 5.00 0.8832 154.4 0.900 0.6765
COST 4096 256 2 4 5.00 0.8832 154.4 0.940 0.5903
COST 4096 256 2 8 5.00 0.8832 154.4 0.940 0.5903
COST 4096 256 2 4 5.00 0.8832 154.4 0.970 0.5454
COST 4096 256 2 8 5.00 0.8832 154.4 0.970 0.5454
COST 4096 256 2 4 5.00 0.8832 154.4 1.000 0.5148
COST 4096 256 2 8 5.00 0.8832 154.4 1.000 0.5148
COST 4096 2048 2 4 5.50 1.0000 196.8 0.900 1.0656
COST 4096 2048 2 8 5.50 1.0000 196.8 0.900 1.0656
COST 4096 2048 2 4 5.50 1.0000 196.8 0.940 1.0247
COST 4096 2048 2 8 5.50 1.0000 196.8 0.940 1.0247
COST 4096 2048 2 4 5.50 1.0000 196.8 0.970 1.0255
COST 4096 2048 2 8 5.50 1.0000 196.8 0.970 1.0255
COST 4096 2048 2 4 5.50 1.0000 196.8 1.000 1.0037
COST 4096 2048 2 8 5.50 1.0000 196.8 1.000 1.0037
COST 4096 1024 2 4 5.50 0.9882 192.1 0.900 0.7257
COST 4096 1024 2 8 5.50 0.9882 192.1 0.900 0.7257
COST 4096 1024 2 4 5.50 0.9882 192.1 0.940 0.7050
COST 4096 1024 2 8 5.50 0.9882 192.1 0.940 0.7050
COST 4096 1024 2 4 5.50 0.9882 192.1 0.970 0.6984
COST 4096 1024 2 8 5.50 0.9882 192.1 0.970 0.6984
COST 4096 1024 2 4 5.50 0.9882 192.1 1.000 0.6979
COST 4096 1024 2 8 5.50 0.9882 192.1 1.000 0.6979
COST 4096 512 2 4 5.50 0.9584 180.8 0.900 0.6021
COST 4096 512 2 8 5.50 0.9584 180.8 0.900 0.6021
COST 4096 512 2 4 5.50 0.9584 180.8 0.940 0.5869
COST 4096 512 2 8 5.50 0.9584 180.8 0.940 0.5869
COST 4096 512 2 4 5.50 0.9584 180.8 0.970 0.5872
COST 4096 512 2 8 5.50 0.9584 180.8 0.970 0.5872
COST 4096 512 2 4 5.50 0.9584 180.8 1.000 0.5875
COST 4096 512 2 8 5.50 0.9584 180.8 1.000 0.5875
COST 4096 256 2 4 5.50 0.8832 154.4 0.900 0.5483
COST 4096 256 2 8 5.50 0.8832 154.4 0.900 0.5483
COST 4096 256 2 4 5.50 0.8832 154.4 0.940 0.5255
COST 4096 256 2 8 5.50 0.8832 154.4 0.940 0.5255
COST 4096 256 2 4 5.50 0.8832 154.4 0.970 0.5201
COST 4096 256 2 8 5.50 0.8832 154.4 0.970 0.5201
COST 4096 256 2 4 5.50 0.8832 154.4 1.000 0.5148
COST 4096 256 2 8 5.50 0.8832 154.4 1.000 0.5148
COST 4096 2048 2 4 6.00 1.0000 196.8 0.900 0.9791
COST 4096 2048 2 8 6.00 1.0000 196.8 0.900 0.9791
COST 4096 2048 2 4 6.00 1.0000 196.8 0.940 0.9881
COST 4096 2048 2 8 6.00 1.0000 196.8 0.940 0.9881
COST 4096 2048 2 4 6.00 1.0000 196.8 0.970 0.9890
COST 4096 2048 2 8 6.00 1.0000 196.8 0.970 0.9890
COST 4096 2048 2 4 6.00 1.0000 196.8 1.000 0.9760
COST 4096 2048 2 8 6.00 1.0000 196.8 1.000 0.9760
COST 4096 1024 2 4 6.00 0.9882 192.1 0.900 0.6788
COST 4096 1024 2 8 6.00 0.9882 192.1 0.900 0.6788
COST 4096 1024 2 4 6.00 0.9882 192.1 0.940 0.6815
COST 4096 1024 2 8 6.00 0.9882 192.1 0.940 0.6815
COST 4096 1024 2 4 6.00 0.9882 192.1 0.970 0.6828
COST 4096 1024 2 8 6.00 0.9882 192.1 0.970 0.6828
COST 4096 1024 2 4 6.00 0.9882 192.1 1.000 0.6995
COST 4096 1024 2 8 6.00 0.9882 192.1 1.000 0.6995
COST 4096 512 2 4 6.00 0.9584 180.8 0.900 0.5582
COST 4096 512 2 8 6.00 0.9584 180.8 0.900 0.5582
COST 4096 512 2 4 6.00 0.9584 180.8 0.940 0.5571
COST 4096 512 2 8 6.00 0.9584 180.8 0.940 0.5571
COST 4096 512 2 4 6.00 0.9584 180.8 0.970 0.5688
COST 4096 512 2 8 6.00 0.9584 180.8 0.970 0.5688
COST 4096 512 2 4 6.00 0.9584 180.8 1.000 0.5612
COST 4096 512 2 8 6.00 0.9584 180.8 1.000 0.5612
COST 4096 256 2 4 6.00 0.8832 154.4 0.900 0.5013
COST 4096 256 2 8 6.00 0.8832 154.4 0.900 0.5013
COST 4096 256 2 4 6.00 0.8832 154.4 0.940 0.5012
COST 4096 256 2 8 6.00 0.8832 154.4 0.940 0.5012
COST 4096 256 2 4 6.00 0.8832 154.4 0.970 0.5104
COST 4096 256 2 8 6.00 0.8832 154.4 0.970 0.5104
COST 4096 256 2 4 6.00 0.8832 154.4 1.000 0.5131
COST 4096 256 2 8 6.00 0.8832 154.4 1.000 0.5131
COST 4096 2048 2 4 6.50 1.0000 196.8 0.900 1.0203
COST 4096 2048 2 8 6.50 1.0000 196.8 0.900 1.0203
COST 4096 2048 2 4 6.50 1.0000 196.8 0.940 1.0283
COST 4096 2048 2 8 6.50 1.0000 196.8 0.940 1.0283
COST 4096 2048 2 4 6.50 1.0000 196.8 0.970 1.0290
COST 4096 2048 2 8 6.50 1.0000 196.8 0.970 1.0290
COST 4096 2048 2 4 6.50 1.0000 196.8 1.000 1.0151
COST 4096 2048 2 8 6.50 1.0000 196.8 1.000 1.0151
COST 4096 1024 2 4 6.50 0.9882 192.1 0.900 0.6951
COST 4096 1024 2 8 6.50 0.9882 192.1 0.900 0.6951
COST 4096 1024 2 4 6.50 0.9882 192.1 0.940 0.7039
COST 4096 1024 2 8 6.50 0.9882 192.1 0.940 0.7039
COST 4096 1024 2 4 6.50 0.9882 192.1 0.970 0.6879
COST 4096 1024 2 8 6.50 0.9882 192.1 0.970 0.6879
COST 4096 1024 2 4 6.50 0.9882 192.1 1.000 0.6895
COST 4096 1024 2 8 6.50 0.9882 192.1 1.000 0.6895
COST 4096 512 2 4 6.50 0.9584 180.8 0.900 0.5920
COST 4096 512 2 8 6.50 0.9584 180.8 0.900 0.5920
COST 4096 512 2 4 6.50 0.9584 180.8 0.940 0.5862
COST 4096 512 2 8 6.50 0.9584 180.8 0.940 0.5862
COST 4096 512 2 4 6.50 0.9584 180.8 0.970 0.5600
COST 4096 512 2 8 6.50 0.9584 180.8 0.970 0.5600
COST 4096 512 2 4 6.50 0.9584 180.8 1.000 0.5838
COST 4096 512 2 8 6.50 0.9584 180.8 1.000 0.5838
COST 4096 256 2 4 6.50 0.8832 154.4 0.900 0.5326
COST 4096 256 2 8 6.50 0.8832 154.4 0.900 0.5326
COST 4096 256 2 4 6.50 0.8832 154.4 0.940 0.4930
COST 4096 256 2 8 6.50 0.8832 154.4 0.940 0.4930
COST 4096 256 2 4 6.50 0.8832 154.4 0.970 0.5050
COST 4096 256 2 8 6.50 0.8832 154.4 0.970 0.5050
COST 4096 256 2 4 6.50 0.8832 154.4 1.000 0.5051
COST 4096 256 2 8 6.50 0.8832 154.4 1.000 0.5051
COST 8192 4096 2 4 5.00 1.0000 393.5 0.900 1.3609
COST 8192 4096 2 8 5.00 1.0000 393.5 0.900 1.3609
COST 8192 4096 2 4 5.00 1.0000 393.5 0.940 1.1944
COST 8192 4096 2 8 5.00 1.0000 393.5 0.940 1.1944
COST 8192 4096 2 4 5.00 1.0000 393.5 0.970 1.0715
COST 8192 4096 2 8 5.00 1.0000 393.5 0.970 1.0715
COST 8192 4096 2 4 5.00 1.0000 393.5 1.000 1.0112
COST 8192 4096 2 8 5.00 1.0000 393.5 1.000 1.0112
COST 8192 2048 2 4 5.00 0.9882 384.3 0.900 0.8677
COST 8192 2048 2 8 5.00 0.9882 384.3 0.900 0.8677
COST 8192 2048 2 4 5.00 0.9882 384.3 0.940 0.7507
COST 8192 2048 2 8 5.00 0.9882 384.3 0.940 0.7507
COST 8192 2048 2 4 5.00 0.9882 384.3 0.970 0.6695
COST 8192 2048 2 8 5.00 0.9882 384.3 0.970 0.6695
COST 8192 2048 2 4 5.00 0.9882 384.3 1.000 0.6536
COST 8192 2048 2 8 5.00 0.9882 384.3 1.000 0.6536
COST 8192 1024 2 4 5.00 0.9584 361.6 0.900 0.8293
COST 8192 1024 2 8 5.00 0.9584 361.6 0.900 0.8293
COST 8192 1024 2 4 5.00 0.9584 361.6 0.940 0.6641
COST 8192 1024 2 8 5.00 0.9584 361.6 0.940 0.6641
COST 8192 1024 2 4 5.00 0.9584 361.6 0.970 0.5461
COST 8192 1024 2 8 5.00 0.9584 361.6 0.970 0.5461
COST 8192 1024 2 4 5.00 0.9584 361.6 1.000 0.5209
COST 8192 1024 2 8 5.00 0.9584 361.6 1.000 0.5209
COST 8192 512 2 4 5.00 0.8834 308.9 0.900 0.8846
COST 8192 512 2 8 5.00 0.8834 308.9 0.900 0.8846
COST 8192 512 2 4 5.00 0.8834 308.9 0.940 0.7659
COST 8192 512 2 8 5.00 0.8834 308.9 0.940 0.7659
COST 8192 512 2 4 5.00 0.8834 308.9 0.970 0.6660
COST 8192 512 2 8 5.00 0.8834 308.9 0.970 0.6660
COST 8192 512 2 4 5.00 0.8834 308.9 1.000 0.5780
COST 8192 512 2 8 5.00 0.8834 308.9 1.000 0.5780
COST 8192 256 2 4 5.00 0.6978 206.1 0.900 1.0962
COST 8192 256 2 8 5.00 0.6978 206.1 0.900 1.0962
COST 8192 256 2 4 5.00 0.6978 206.1 0.940 1.0103
COST 8192 256 2 8 5.00 0.6978 206.1 0.940 1.0103
COST 8192 256 2 4 5.00 0.6978 206.1 0.970 0.9451
COST 8192 256 2 8 5.00 0.6978 206.1 0.970 0.9451
COST 8192 256 2 4 5.00 0.6978 206.1 1.000 0.8956
COST 8192 256 2 8 5.00 0.6978 206.1 1.000 0.8956
COST 8192 4096 2 4 5.50 1.0000 393.5 0.900 1.0927
COST 8192 4096 2 8 5.50 1.0000 393.5 0.900 1.0927
COST 8192 4096 2 4 5.50 1.0000 393.5 0.940 1.0072
COST 8192 4096 2 8 5.50 1.0000 393.5 0.940 1.0072
COST 8192 4096 2 4 5.50 1.0000 393.5 0.970 1.0139
COST 8192 4096 2 8 5.50 1.0000 393.5 0.970 1.0139
COST 8192 4096 2 4 5.50 1.0000 393.5 1.000 0.9939
COST 8192 4096 2 8 5.50 1.0000 393.5 1.000 0.9939
COST 8192 2048 2 4 5.50 0.9882 384.3 0.900 0.7029
COST 8192 2048 2 8 5.50 0.9882 384.3 0.900 0.7029
COST 8192 2048 2 4 5.50 0.9882 384.3 0.940 0.6615
COST 8192 2048 2 8 5.50 0.9882 384.3 0.940 0.6615
COST 8192 2048 2 4 5.50 0.9882 384.3 0.970 0.6656
COST 8192 2048 2 8 5.50 0.9882 384.3 0.970 0.6656
COST 8192 2048 2 4 5.50 0.9882 384.3 1.000 0.6542
COST 8192 2048 2 8 5.50 0.9882 384.3 1.000 0.6542
COST 8192 1024 2 4 5.50 0.9584 361.6 0.900 0.5454
COST 8192 1024 2 8 5.50 0.9584 361.6 0.900 0.5454
COST 8192 1024 2 4 5.50 0.9584 361.6 0.940 0.5398
COST 8192 1024 2 8 5.50 0.9584 361.6 0.940 0.5398
COST 8192 1024 2 4 5.50 0.9584 361.6 0.970 0.5323
COST 8192 1024 2 8 5.50 0.9584 361.6 0.970 0.5323
COST 8192 1024 2 4 5.50 0.9584 361.6 1.000 0.5428
COST 8192 1024 2 8 5.50 0.9584 361.6 1.000 0.5428
COST 8192 512 2 4 5.50 0.8834 308.9 0.900 0.6165
COST 8192 512 2 8 5.50 0.8834 308.9 0.900 0.6165
COST 8192 512 2 4 5.50 0.8834 308.9 0.940 0.5329
COST 8192 512 2 8 5.50 0.8834 308.9 0.940 0.5329
COST 8192 512 2 4 5.50 0.8834 308.9 0.970 0.4855
COST 8192 512 2 8 5.50 0.8834 308.9 0.970 0.4855
COST 8192 512 2 4 5.50 0.8834 308.9 1.000 0.4851
COST 8192 512 2 8 5.50 0.8834 308.9 1.000 0.4851
COST 8192 256 2 4 5.50 0.6978 206.1 0.900 0.9137
COST 8192 256 2 8 5.50 0.6978 206.1 0.900 0.9137
COST 8192 256 2 4 5.50 0.6978 206.1 0.940 0.8323
COST 8192 256 2 8 5.50 0.6978 206.1 0.940 0.8323
COST 8192 256 2 4 5.50 0.6978 206.1 0.970 0.7947
COST 8192 256 2 8 5.50 0.6978 206.1 0.970 0.7947
COST 8192 256 2 4 5.50 0.6978 206.1 1.000 0.6927
COST 8192 256 2 8 5.50 0.6978 206.1 1.000 0.6927
COST 8192 4096 2 4 6.00 1.0000 393.5 0.900 1.0118
COST 8192 4096 2 8 6.00 1.0000 393.5 0.900 1.0118
COST 8192 4096 2 4 6.00 1.0000 393.5 0.940 0.9982
COST 8192 4096 2 8 6.00 1.0000 393.5 0.940 0.9982
COST 8192 4096 2 4 6.00 1.0000 393.5 0.970 1.0047
COST 8192 4096 2 8 6.00 1.0000 393.5 0.970 1.0047
COST 8192 4096 2 4 6.00 1.0000 393.5 1.000 1.0015
COST 8192 4096 2 8 6.00 1.0000 393.5 1.000 1.0015
COST 8192 2048 2 4 6.00 0.9882 384.3 0.900 0.6462
COST 8192 2048 2 8 6.00 0.9882 384.3 0.900 0.6462
COST 8192 2048 2 4 6.00 0.9882 384.3 0.940 0.6603
COST 8192 2048 2 8 6.00 0.9882 384.3 0.940 0.6603
COST 8192 2048 2 4 6.00 0.9882 384.3 0.970 0.6602
COST 8192 2048 2 8 6.00 0.9882 384.3 0.970 0.6602
COST 8192 2048 2 4 6.00 0.9882 384.3 1.000 0.6514
COST 8192 2048 2 8 6.00 0.9882 384.3 1.000 0.6514
COST 8192 1024 2 4 6.00 0.9584 361.6 0.900 0.5245
COST 8192 1024 2 8 6.00 0.9584 361.6 0.900 0.5245
COST 8192 1024 2 4 6.00 0.9584 361.6 0.940 0.5269
COST 8192 1024 2 8 6.00 0.9584 361.6 0.940 0.5269
COST 8192 1024 2 4 6.00 0.9584 361.6 0.970 0.5325
COST 8192 1024 2 8 6.00 0.9584 361.6 0.970 0.5325
COST 8192 1024 2 4 6.00 0.9584 361.6 1.000 0.5226
COST 8192 1024 2 8 6.00 0.9584 361.6 1.000 0.5226
COST 8192 512 2 4 6.00 0.8834 308.9 0.900 0.4846
COST 8192 512 2 8 6.00 0.8834 308.9 0.900 0.4846
COST 8192 512 2 4 6.00 0.8834 308.9 0.940 0.4959
COST 8192 512 2 8 6.00 0.8834 308.9 0.940 0.4959
COST 8192 512 2 4 6.00 0.8834 308.9 0.970 0.4735
COST 8192 512 2 8 6.00 0.8834 308.9 0.970 0.4735
COST 8192 512 2 4 6.00 0.8834 308.9 1.000 0.4826
COST 8192 512 2 8 6.00 0.8834 308.9 1.000 0.4826
COST 8192 256 2 4 6.00 0.6978 206.1 0.900 0.6943
COST 8192 256 2 8 6.00 0.6978 206.1 0.900 0.6943
COST 8192 256 2 4 6.00 0.6978 206.1 0.940 0.6202
COST 8192 256 2 8 6.00 0.6978 206.1 0.940 0.6202
COST 8192 256 2 4 6.00 0.6978 206.1 0.970 0.5577
COST 8192 256 2 8 6.00 0.6978 206.1 0.970 0.5577
COST 8192 256 2 4 6.00 0.6978 206.1 1.000 0.5188
COST 8192 256 2 8 6.00 0.6978 206.1 1.000 0.5188
COST 8192 4096 2 4 6.50 1.0000 393.5 0.900 1.0125
COST 8192 4096 2 8 6.50 1.0000 393.5 0.900 1.0125
COST 8192 4096 2 4 6.50 1.0000 393.5 0.940 0.9960
COST 8192 4096 2 8 6.50 1.0000 393.5 0.940 0.9960
COST 8192 4096 2 4 6.50 1.0000 393.5 0.970 0.9733
COST 8192 4096 2 8 6.50 1.0000 393.5 0.970 0.9733
COST 8192 4096 2 4 6.50 1.0000 393.5 1.000 1.0123
COST 8192 4096 2 8 6.50 1.0000 393.5 1.000 1.0123
COST 8192 2048 2 4 6.50 0.9882 384.3 0.900 0.6463
COST 8192 2048 2 8 6.50 0.9882 384.3 0.900 0.6463
COST 8192 2048 2 4 6.50 0.9882 384.3 0.940 0.6380
COST 8192 2048 2 8 6.50 0.9882 384.3 0.940 0.6380
COST 8192 2048 2 4 6.50 0.9882 384.3 0.970 0.6406
COST 8192 2048 2 8 6.50 0.9882 384.3 0.970 0.6406
COST 8192 2048 2 4 6.50 0.9882 384.3 1.000 0.6425
COST 8192 2048 2 8 6.50 0.9882 384.3 1.000 0.6425
COST 8192 1024 2 4 6.50 0.9584 361.6 0.900 0.5148
COST 8192 1024 2 8 6.50 0.9584 361.6 0.900 0.5148
COST 8192 1024 2 4 6.50 0.9584 361.6 0.940 0.5203
COST 8192 1024 2 8 6.50 0.9584 361.6 0.940 0.5203
COST 8192 1024 2 4 6.50 0.9584 361.6 0.970 0.5126
COST 8192 1024 2 8 6.50 0.9584 361.6 0.970 0.5126
COST 8192 1024 2 4 6.50 0.9584 361.6 1.000 0.5057
COST 8192 1024 2 8 6.50 0.9584 361.6 1.000 0.5057
COST 8192 512 2 4 6.50 0.8834 308.9 0.900 0.4739
COST 8192 512 2 8 6.50 0.8834 308.9 0.900 0.4739
COST 8192 512 2 4 6.50 0.8834 308.9 0.940 0.4707
COST 8192 512 2 8 6.50 0.8834 308.9 0.940 0.4707
COST 8192 512 2 4 6.50 0.8834 308.9 0.970 0.4629
COST 8192 512 2 8 6.50 0.8834 308.9 0.970 0.4629
COST 8192 512 2 4 6.50 0.8834 308.9 1.000 0.4688
COST 8192 512 2 8 6.50 0.8834 308.9 1.000 0.4688
COST 8192 256 2 4 6.50 0.6978 206.1 0.900 0.5273
COST 8192 256 2 8 6.50 0.6978 206.1 0.900 0.5273
COST 8192 256 2 4 6.50 0.6978 206.1 0.940 0.4821
COST 8192 256 2 8 6.50 0.6978 206.1 0.940 0.4821
COST 8192 256 2 4 6.50 0.6978 206.1 0.970 0.4787
COST 8192 256 2 8 6.50 0.6978 206.1 0.970 0.4787
COST 8192 256 2 4 6.50 0.6978 206.1 1.000 0.4596
COST 8192 256 2 8 6.50 0.6978 206.1 1.000 0.4596
COST 16384 8192 2 4 5.00 1.0000 787.0 0.900 1.4166
COST 16384 8192 2 8 5.00 1.0000 787.0 0.900 1.4166
COST 16384 8192 2 4 5.00 1.0000 787.0 0.940 1.2138
COST 16384 8192 2 8 5.00 1.0000 787.0 0.940 1.2138
COST 16384 8192 2 4 5.00 1.0000 787.0 0.970 1.0918
COST 16384 8192 2 8 5.00 1.0000 787.0 0.970 1.0918
COST 16384 8192 2 4 5.00 1.0000 787.0 1.000 0.9899
COST 16384 8192 2 8 5.00 1.0000 787.0 1.000 0.9899
COST 16384 4096 2 4 5.00 0.9882 768.6 0.900 0.8599
COST 16384 4096 2 8 5.00 0.9882 768.6 0.900 0.8599
COST 16384 4096 2 4 5.00 0.9882 768.6 0.940 0.6824
COST 16384 4096 2 8 5.00 0.9882 768.6 0.940 0.6824
COST 16384 4096 2 4 5.00 0.9882 768.6 0.970 0.6114
COST 16384 4096 2 8 5.00 0.9882 768.6 0.970 0.6114
COST 16384 4096 2 4 5.00 0.9882 768.6 1.000 0.5434
COST 16384 4096 2 8 5.00 0.9882 768.6 1.000 0.5434
COST 16384 2048 2 4 5.00 0.9584 723.3 0.900 0.6379
COST 16384 2048 2 8 5.00 0.9584 723.3 0.900 0.6379
COST 16384 2048 2 4 5.00 0.9584 723.3 0.940 0.5505
COST 16384 2048 2 8 5.00 0.9584 723.3 0.940 0.5505
COST 16384 2048 2 4 5.00 0.9584 723.3 0.970 0.4626
COST 16384 2048 2 8 5.00 0.9584 723.3 0.970 0.4626
COST 16384 2048 2 4 5.00 0.9584 723.3 1.000 0.3948
COST 16384 2048 2 8 5.00 0.9584 723.3 1.000 0.3948
COST 16384 1024 2 4 5.00 0.8835 617.9 0.900 0.6566
COST 16384 1024 2 8 5.00 0.8835 617.9 0.900 0.6566
COST 16384 1024 2 4 5.00 0.8835 617.9 0.940 0.5594
COST 16384 1024 2 8 5.00 0.8835 617.9 0.940 0.5594
COST 16384 1024 2 4 5.00 0.8835 617.9 0.970 0.4659
COST 16384 1024 2 8 5.00 0.8835 617.9 0.970 0.4659
COST 16384 1024 2 4 5.00 0.8835 617.9 1.000 0.4426
COST 16384 1024 2 8 5.00 0.8835 617.9 1.000 0.4426
COST 16384 512 2 4 5.00 0.6982 412.5 0.900 0.7150
COST 16384 512 2 8 5.00 0.6982 412.5 0.900 0.7150
COST 16384 512 2 4 5.00 0.6982 412.5 0.940 0.6606
COST 16384 512 2 8 5.00 0.6982 412.5 0.940 0.6606
COST 16384 512 2 4 5.00 0.6982 412.5 0.970 0.6275
COST 16384 512 2 8 5.00 0.6982 412.5 0.970 0.6275
COST 16384 512 2 4 5.00 0.6982 412.5 1.000 0.5997
COST 16384 512 2 8 5.00 0.6982 412.5 1.000 0.5997
COST 16384 256 2 4 5.00 0.3332 181.6 0.900 0.8340
COST 16384 256 2 8 5.00 0.3332 181.6 0.900 0.8340
COST 16384 256 2 4 5.00 0.3332 181.6 0.940 0.8463
COST 16384 256 2 8 5.00 0.3332 181.6 0.940 0.8463
COST 16384 256 2 4 5.00 0.3332 181.6 0.970 0.8826
COST 16384 256 2 8 5.00 0.3332 181.6 0.970 0.8826
COST 16384 256 2 4 5.00 0.3332 181.6 1.000 0.8592
COST 16384 256 2 8 5.00 0.3332 181.6 1.000 0.8592
COST 16384 8192 2 4 5.50 1.0000 787.0 0.900 1.2275
COST 16384 8192 2 8 5.50 1.0000 787.0 0.900 1.2275
COST 16384 8192 2 4 5.50 1.0000 787.0 0.940 1.0871
COST 16384 8192 2 8 5.50 1.0000 787.0 0.940 1.0871
COST 16384 8192 2 4 5.50 1.0000 787.0 0.970 1.0544
COST 16384 8192 2 8 5.50 1.0000 787.0 0.970 1.0544
COST 16384 8192 2 4 5.50 1.0000 787.0 1.000 1.0740
COST 16384 8192 2 8 5.50 1.0000 787.0 1.000 1.0740
COST 16384 4096 2 4 5.50 0.9882 768.6 0.900 0.6370
COST 16384 4096 2 8 5.50 0.9882 768.6 0.900 0.6370
COST 16384 4096 2 4 5.50 0.9882 768.6 0.940 0.6285
COST 16384 4096 2 8 5.50 0.9882 768.6 0.940 0.6285
COST 16384 4096 2 4 5.50 0.9882 768.6 0.970 0.6004
COST 16384 4096 2 8 5.50 0.9882 768.6 0.970 0.6004
COST 16384 4096 2 4 5.50 0.9882 768.6 1.000 0.5948
COST 16384 4096 2 8 5.50 0.9882 768.6 1.000 0.5948
COST 16384 2048 2 4 5.50 0.9584 723.3 0.900 0.4658
COST 16384 2048 2 8 5.50 0.9584 723.3 0.900 0.4658
COST 16384 2048 2 4 5.50 0.9584 723.3 0.940 0.4650
COST 16384 2048 2 8 5.50 0.9584 723.3 0.940 0.4650
COST 16384 2048 2 4 5.50 0.9584 723.3 0.970 0.4714
COST 16384 2048 2 8 5.50 0.9584 723.3 0.970 0.4714
COST 16384 2048 2 4 5.50 0.9584 723.3 1.000 0.4530
COST 16384 2048 2 8 5.50 0.9584 723.3 1.000 0.4530
COST 16384 1024 2 4 5.50 0.8835 617.9 0.900 0.5286
COST 16384 1024 2 8 5.50 0.8835 617.9 0.900 0.5286
COST 16384 1024 2 4 5.50 0.8835 617.9 0.940 0.4432
COST 16384 1024 2 8 5.50 0.8835 617.9 0.940 0.4432
COST 16384 1024 2 4 5.50 0.8835 617.9 0.970 0.4216
COST 16384 1024 2 8 5.50 0.8835 617.9 0.970 0.4216
COST 16384 1024 2 4 5.50 0.8835 617.9 1.000 0.3737
COST 16384 1024 2 8 5.50 0.8835 617.9 1.000 0.3737
COST 16384 512 2 4 5.50 0.6982 412.5 0.900 0.6925
COST 16384 512 2 8 5.50 0.6982 412.5 0.900 0.6925
COST 16384 512 2 4 5.50 0.6982 412.5 0.940 0.6192
COST 16384 512 2 8 5.50 0.6982 412.5 0.940 0.6192
COST 16384 512 2 4 5.50 0.6982 412.5 0.970 0.5716
COST 16384 512 2 8 5.50 0.6982 412.5 0.970 0.5716
COST 16384 512 2 4 5.50 0.6982 412.5 1.000 0.5159
COST 16384 512 2 8 5.50 0.6982 412.5 1.000 0.5159
COST 16384 256 2 4 5.50 0.3332 181.6 0.900 0.9875
COST 16384 256 2 8 5.50 0.3332 181.6 0.900 0.9875
COST 16384 256 2 4 5.50 0.3332 181.6 0.940 0.9715
COST 16384 256 2 8 5.50 0.3332 181.6 0.940 0.9715
COST 16384 256 2 4 5.50 0.3332 181.6 0.970 0.9561
COST 16384 256 2 8 5.50 0.3332 181.6 0.970 0.9561
COST 16384 256 2 4 5.50 0.3332 181.6 1.000 0.9694
COST 16384 256 2 8 5.50 0.3332 181.6 1.000 0.9694
COST 16384 8192 2 4 6.00 1.0000 787.0 0.900 1.0928
COST 16384 8192 2 8 6.00 1.0000 787.0 0.900 1.0928
COST 16384 8192 2 4 6.00 1.0000 787.0 0.940 0.9532
COST 16384 8192 2 8 6.00 1.0000 787.0 0.940 0.9532
COST 16384 8192 2 4 6.00 1.0000 787.0 0.970 0.9597
COST 16384 8192 2 8 6.00 1.0000 787.0 0.970 0.9597
COST 16384 8192 2 4 6.00 1.0000 787.0 1.000 0.9603
COST 16384 8192 2 8 6.00 1.0000 787.0 1.000 0.9603
COST 16384 4096 2 4 6.00 0.9882 768.6 0.900 0.5824
COST 16384 4096 2 8 6.00 0.9882 768.6 0.900 0.5824
COST 16384 4096 2 4 6.00 0.9882 768.6 0.940 0.5790
COST 16384 4096 2 8 6.00 0.9882 768.6 0.940 0.5790
COST 16384 4096 2 4 6.00 0.9882 768.6 0.970 0.5736
COST 16384 4096 2 8 6.00 0.9882 768.6 0.970 0.5736
COST 16384 4096 2 4 6.00 0.9882 768.6 1.000 0.5666
COST 16384 4096 2 8 6.00 0.9882 768.6 1.000 0.5666
COST 16384 2048 2 4 6.00 0.9584 723.3 0.900 0.4347
COST 16384 2048 2 8 6.00 0.9584 723.3 0.900 0.4347
COST 16384 2048 2 4 6.00 0.9584 723.3 0.940 0.4362
COST 16384 2048 2 8 6.00 0.9584 723.3 0.940 0.4362
COST 16384 2048 2 4 6.00 0.9584 723.3 0.970 0.4295
COST 16384 2048 2 8 6.00 0.9584 723.3 0.970 0.4295
COST 16384 2048 2 4 6.00 0.9584 723.3 1.000 0.4330
COST 16384 2048 2 8 6.00 0.9584 723.3 1.000 0.4330
COST 16384 1024 2 4 6.00 0.8835 617.9 0.900 0.3715
COST 16384 1024 2 8 6.00 0.8835 617.9 0.900 0.3715
COST 16384 1024 2 4 6.00 0.8835 617.9 0.940 0.3726
COST 16384 1024 2 8 6.00 0.8835 617.9 0.940 0.3726
COST 16384 1024 2 4 6.00 0.8835 617.9 0.970 0.3596
COST 16384 1024 2 8 6.00 0.8835 617.9 0.970 0.3596
COST 16384 1024 2 4 6.00 0.8835 617.9 1.000 0.3539
COST 16384 1024 2 8 6.00 0.8835 617.9 1.000 0.3539
COST 16384 512 2 4 6.00 0.6982 412.5 0.900 0.5077
COST 16384 512 2 8 6.00 0.6982 412.5 0.900 0.5077
COST 16384 512 2 4 6.00 0.6982 412.5 0.940 0.4308
COST 16384 512 2 8 6.00 0.6982 412.5 0.940 0.4308
COST 16384 512 2 4 6.00 0.6982 412.5 0.970 0.3847
COST 16384 512 2 8 6.00 0.6982 412.5 0.970 0.3847
COST 16384 512 2 4 6.00 0.6982 412.5 1.000 0.3714
COST 16384 512 2 8 6.00 0.6982 412.5 1.000 0.3714
COST 16384 256 2 4 6.00 0.3332 181.6 0.900 0.9318
COST 16384 256 2 8 6.00 0.3332 181.6 0.900 0.9318
COST 16384 256 2 4 6.00 0.3332 181.6 0.940 0.9206
COST 16384 256 2 8 6.00 0.3332 181.6 0.940 0.9206
COST 16384 256 2 4 6.00 0.3332 181.6 0.970 0.9019
COST 16384 256 2 8 6.00 0.3332 181.6 0.970 0.9019
COST 16384 256 2 4 6.00 0.3332 181.6 1.000 0.8936
COST 16384 256 2 8 6.00 0.3332 181.6 1.000 0.8936
COST 16384 8192 2 4 6.50 1.0000 787.0 0.900 1.0004
COST 16384 8192 2 8 6.50 1.0000 787.0 0.900 1.0004
COST 16384 8192 2 4 6.50 1.0000 787.0 0.940 1.0002
COST 16384 8192 2 8 6.50 1.0000 787.0 0.940 1.0002
COST 16384 8192 2 4 6.50 1.0000 787.0 0.970 1.0136
COST 16384 8192 2 8 6.50 1.0000 787.0 0.970 1.0136
COST 16384 8192 2 4 6.50 1.0000 787.0 1.000 1.0103
COST 16384 8192 2 8 6.50 1.0000 787.0 1.000 1.0103
COST 16384 4096 2 4 6.50 0.9882 768.6 0.900 0.5835
COST 16384 4096 2 8 6.50 0.9882 768.6 0.900 0.5835
COST 16384 4096 2 4 6.50 0.9882 768.6 0.940 0.6008
COST 16384 4096 2 8 6.50 0.9882 768.6 0.940 0.6008
COST 16384 4096 2 4 6.50 0.9882 768.6 0.970 0.7381
COST 16384 4096 2 8 6.50 0.9882 768.6 0.970 0.7381
COST 16384 4096 2 4 6.50 0.9882 768.6 1.000 0.6012
COST 16384 4096 2 8 6.50 0.9882 768.6 1.000 0.6012
COST 16384 2048 2 4 6.50 0.9584 723.3 0.900 0.4485
COST 16384 2048 2 8 6.50 0.9584 723.3 0.900 0.4485
COST 16384 2048 2 4 6.50 0.9584 723.3 0.940 0.4393
COST 16384 2048 2 8 6.50 0.9584 723.3 0.940 0.4393
COST 16384 2048 2 4 6.50 0.9584 723.3 0.970 0.4430
COST 16384 2048 2 8 6.50 0.9584 723.3 0.970 0.4430
COST 16384 2048 2 4 6.50 0.9584 723.3 1.000 0.4665
COST 16384 2048 2 8 6.50 0.9584 723.3 1.000 0.4665
COST 16384 1024 2 4 6.50 0.8835 617.9 0.900 0.3762
COST 16384 1024 2 8 6.50 0.8835 617.9 0.900 0.3762
COST 16384 1024 2 4 6.50 0.8835 617.9 0.940 0.3640
COST 16384 1024 2 8 6.50 0.8835 617.9 0.940 0.3640
COST 16384 1024 2 4 6.50 0.8835 617.9 0.970 0.3630
COST 16384 1024 2 8 6.50 0.8835 617.9 0.970 0.3630
COST 16384 1024 2 4 6.50 0.8835 617.9 1.000 0.3687
COST 16384 1024 2 8 6.50 0.8835 617.9 1.000 0.3687
COST 16384 512 2 4 6.50 0.6982 412.5 0.900 0.3868
COST 16384 512 2 8 6.50 0.6982 412.5 0.900 0.3868
COST 16384 512 2 4 6.50 0.6982 412.5 0.940 0.3553
COST 16384 512 2 8 6.50 0.6982 412.5 0.940 0.3553
COST 16384 512 2 4 6.50 0.6982 412.5 0.970 0.3501
COST 16384 512 2 8 6.50 0.6982 412.5 0.970 0.3501
COST 16384 512 2 4 6.50 0.6982 412.5 1.000 0.3375
COST 16384 512 2 8 6.50 0.6982 412.5 1.000 0.3375
COST 16384 256 2 4 6.50 0.3332 181.6 0.900 0.9010
COST 16384 256 2 8 6.50 0.3332 181.6 0.900 0.9010
COST 16384 256 2 4 6.50 0.3332 181.6 0.940 0.8678
COST 16384 256 2 8 6.50 0.3332 181.6 0.940 0.8678
COST 16384 256 2 4 6.50 0.3332 181.6 0.970 0.8526
COST 16384 256 2 8 6.50 0.3332 181.6 0.970 0.8526
COST 16384 256 2 4 6.50 0.3332 181.6 1.000 0.8290
COST 16384 256 2 8 6.50 0.3332 181.6 1.000 0.8290
