# matchedfilter tuning table
# cpu     AMD RYZEN AI MAX+ 395 w/ Radeon 8060S
# commit  448361c
# fdr     20000 injected trials/cell (~11600 detections); <~3e-4 unresolved
# cost    4000 pure-noise trials/cell at the search threshold
#
# Measured by running the real filter. FDR counts the peaks the ungated
# filter reports that the gated one does not, so it needs injections. COST
# is set by how often the gate opens on NOISE, so it must not have them --
# timing on the injected harness made every band read 9-13 us/pair where
# the real separation is 12.7 against 1.8.
#
# The two go stale for different reasons: FDR on a change to the gate or
# the interpolation, COST on a change to the kernel or the machine.
# Regenerate with tools/hmf_tune.py.
#
# SCOPE: n=4096, decision window = the full transform, U=2.
#
# both: n band U K snr f beff  then dismissal (FDR) or us_per_pair (COST)
FDR 4096 256 2 4 5.00 0.8000 5.2 2.8243e-04
FDR 4096 256 2 4 5.00 0.8000 25.6 1.5521e-04
FDR 4096 256 2 4 5.00 0.8000 76.4 0.0000e+00
FDR 4096 256 2 4 5.00 0.8000 153.1 0.0000e+00
FDR 4096 256 2 4 5.00 0.8000 231.4 0.0000e+00
FDR 4096 256 2 4 5.00 0.9000 5.2 6.9435e-04
FDR 4096 256 2 4 5.00 0.9000 25.6 2.2686e-04
FDR 4096 256 2 4 5.00 0.9000 76.4 0.0000e+00
FDR 4096 256 2 4 5.00 0.9000 153.1 0.0000e+00
FDR 4096 256 2 4 5.00 0.9000 231.4 0.0000e+00
FDR 4096 256 2 4 5.00 0.9500 5.2 1.9097e-03
FDR 4096 256 2 4 5.00 0.9500 25.6 3.0289e-04
FDR 4096 256 2 4 5.00 0.9500 76.4 0.0000e+00
FDR 4096 256 2 4 5.00 0.9500 153.1 0.0000e+00
FDR 4096 256 2 4 5.00 0.9500 231.4 0.0000e+00
FDR 4096 256 2 4 5.00 0.9900 5.2 2.3884e-02
FDR 4096 256 2 4 5.00 0.9900 25.6 6.3221e-04
FDR 4096 256 2 4 5.00 0.9900 76.4 0.0000e+00
FDR 4096 256 2 4 5.00 0.9900 153.1 0.0000e+00
FDR 4096 256 2 4 5.00 0.9900 231.4 0.0000e+00
FDR 4096 256 2 4 5.50 0.8000 5.2 3.0017e-04
FDR 4096 256 2 4 5.50 0.8000 25.6 3.2666e-04
FDR 4096 256 2 4 5.50 0.8000 76.4 0.0000e+00
FDR 4096 256 2 4 5.50 0.8000 153.1 0.0000e+00
FDR 4096 256 2 4 5.50 0.8000 231.4 0.0000e+00
FDR 4096 256 2 4 5.50 0.9000 5.2 6.5260e-04
FDR 4096 256 2 4 5.50 0.9000 25.6 2.3590e-04
FDR 4096 256 2 4 5.50 0.9000 76.4 0.0000e+00
FDR 4096 256 2 4 5.50 0.9000 153.1 0.0000e+00
FDR 4096 256 2 4 5.50 0.9000 231.4 0.0000e+00
FDR 4096 256 2 4 5.50 0.9500 5.2 1.6791e-03
FDR 4096 256 2 4 5.50 0.9500 25.6 3.9026e-04
FDR 4096 256 2 4 5.50 0.9500 76.4 0.0000e+00
FDR 4096 256 2 4 5.50 0.9500 153.1 0.0000e+00
FDR 4096 256 2 4 5.50 0.9500 231.4 0.0000e+00
FDR 4096 256 2 4 5.50 0.9900 5.2 2.1568e-02
FDR 4096 256 2 4 5.50 0.9900 25.6 5.6579e-04
FDR 4096 256 2 4 5.50 0.9900 76.4 0.0000e+00
FDR 4096 256 2 4 5.50 0.9900 153.1 0.0000e+00
FDR 4096 256 2 4 5.50 0.9900 231.4 0.0000e+00
FDR 4096 256 2 4 6.00 0.8000 5.2 4.7630e-04
FDR 4096 256 2 4 6.00 0.8000 25.6 3.4028e-04
FDR 4096 256 2 4 6.00 0.8000 76.4 8.8778e-05
FDR 4096 256 2 4 6.00 0.8000 153.1 0.0000e+00
FDR 4096 256 2 4 6.00 0.8000 231.4 0.0000e+00
FDR 4096 256 2 4 6.00 0.9000 5.2 5.2762e-04
FDR 4096 256 2 4 6.00 0.9000 25.6 1.6244e-04
FDR 4096 256 2 4 6.00 0.9000 76.4 0.0000e+00
FDR 4096 256 2 4 6.00 0.9000 153.1 0.0000e+00
FDR 4096 256 2 4 6.00 0.9000 231.4 0.0000e+00
FDR 4096 256 2 4 6.00 0.9500 5.2 1.4989e-03
FDR 4096 256 2 4 6.00 0.9500 25.6 4.8100e-04
FDR 4096 256 2 4 6.00 0.9500 76.4 0.0000e+00
FDR 4096 256 2 4 6.00 0.9500 153.1 0.0000e+00
FDR 4096 256 2 4 6.00 0.9500 231.4 0.0000e+00
FDR 4096 256 2 4 6.00 0.9900 5.2 1.5533e-02
FDR 4096 256 2 4 6.00 0.9900 25.6 4.9281e-04
FDR 4096 256 2 4 6.00 0.9900 76.4 0.0000e+00
FDR 4096 256 2 4 6.00 0.9900 153.1 0.0000e+00
FDR 4096 256 2 4 6.00 0.9900 231.4 0.0000e+00
FDR 4096 256 2 8 5.00 0.8000 5.2 2.8243e-04
FDR 4096 256 2 8 5.00 0.8000 25.6 1.5521e-04
FDR 4096 256 2 8 5.00 0.8000 76.4 3.3102e-04
FDR 4096 256 2 8 5.00 0.8000 153.1 3.3801e-04
FDR 4096 256 2 8 5.00 0.8000 231.4 5.0938e-04
FDR 4096 256 2 8 5.00 0.9000 5.2 6.9435e-04
FDR 4096 256 2 8 5.00 0.9000 25.6 5.2934e-04
FDR 4096 256 2 8 5.00 0.9000 76.4 8.0587e-04
FDR 4096 256 2 8 5.00 0.9000 153.1 1.5718e-03
FDR 4096 256 2 8 5.00 0.9000 231.4 2.3363e-03
FDR 4096 256 2 8 5.00 0.9500 5.2 1.9097e-03
FDR 4096 256 2 8 5.00 0.9500 25.6 6.8151e-04
FDR 4096 256 2 8 5.00 0.9500 76.4 1.1242e-03
FDR 4096 256 2 8 5.00 0.9500 153.1 2.6327e-03
FDR 4096 256 2 8 5.00 0.9500 231.4 7.2926e-03
FDR 4096 256 2 8 5.00 0.9900 5.2 2.5334e-02
FDR 4096 256 2 8 5.00 0.9900 25.6 8.7719e-03
FDR 4096 256 2 8 5.00 0.9900 76.4 1.1074e-02
FDR 4096 256 2 8 5.00 0.9900 153.1 2.7429e-02
FDR 4096 256 2 8 5.00 0.9900 231.4 4.4588e-02
FDR 4096 256 2 8 5.50 0.8000 5.2 3.0017e-04
FDR 4096 256 2 8 5.50 0.8000 25.6 3.2666e-04
FDR 4096 256 2 8 5.50 0.8000 76.4 2.5896e-04
FDR 4096 256 2 8 5.50 0.8000 153.1 1.1352e-03
FDR 4096 256 2 8 5.50 0.8000 231.4 1.7496e-03
FDR 4096 256 2 8 5.50 0.9000 5.2 6.5260e-04
FDR 4096 256 2 8 5.50 0.9000 25.6 4.7181e-04
FDR 4096 256 2 8 5.50 0.9000 76.4 9.1919e-04
FDR 4096 256 2 8 5.50 0.9000 153.1 1.8768e-03
FDR 4096 256 2 8 5.50 0.9000 231.4 3.3499e-03
FDR 4096 256 2 8 5.50 0.9500 5.2 1.7521e-03
FDR 4096 256 2 8 5.50 0.9500 25.6 8.5857e-04
FDR 4096 256 2 8 5.50 0.9500 76.4 9.9239e-04
FDR 4096 256 2 8 5.50 0.9500 153.1 3.9783e-03
FDR 4096 256 2 8 5.50 0.9500 231.4 1.0364e-02
FDR 4096 256 2 8 5.50 0.9900 5.2 2.3048e-02
FDR 4096 256 2 8 5.50 0.9900 25.6 7.0320e-03
FDR 4096 256 2 8 5.50 0.9900 76.4 1.1074e-02
FDR 4096 256 2 8 5.50 0.9900 153.1 3.1546e-02
FDR 4096 256 2 8 5.50 0.9900 231.4 5.0887e-02
FDR 4096 256 2 8 6.00 0.8000 5.2 4.7630e-04
FDR 4096 256 2 8 6.00 0.8000 25.6 4.2535e-04
FDR 4096 256 2 8 6.00 0.8000 76.4 6.2145e-04
FDR 4096 256 2 8 6.00 0.8000 153.1 1.3371e-03
FDR 4096 256 2 8 6.00 0.8000 231.4 2.8513e-03
FDR 4096 256 2 8 6.00 0.9000 5.2 5.2762e-04
FDR 4096 256 2 8 6.00 0.9000 25.6 4.0611e-04
FDR 4096 256 2 8 6.00 0.9000 76.4 8.6036e-04
FDR 4096 256 2 8 6.00 0.9000 153.1 2.2666e-03
FDR 4096 256 2 8 6.00 0.9000 231.4 5.1700e-03
FDR 4096 256 2 8 6.00 0.9500 5.2 1.6488e-03
FDR 4096 256 2 8 6.00 0.9500 25.6 8.0167e-04
FDR 4096 256 2 8 6.00 0.9500 76.4 1.0997e-03
FDR 4096 256 2 8 6.00 0.9500 153.1 5.7059e-03
FDR 4096 256 2 8 6.00 0.9500 231.4 1.2614e-02
FDR 4096 256 2 8 6.00 0.9900 5.2 1.6881e-02
FDR 4096 256 2 8 6.00 0.9900 25.6 5.2567e-03
FDR 4096 256 2 8 6.00 0.9900 76.4 9.2087e-03
FDR 4096 256 2 8 6.00 0.9900 153.1 3.5121e-02
FDR 4096 256 2 8 6.00 0.9900 231.4 5.7629e-02
FDR 4096 512 2 4 5.00 0.8000 10.1 2.9483e-04
FDR 4096 512 2 4 5.00 0.8000 50.6 0.0000e+00
FDR 4096 512 2 4 5.00 0.8000 152.2 0.0000e+00
FDR 4096 512 2 4 5.00 0.8000 305.9 0.0000e+00
FDR 4096 512 2 4 5.00 0.8000 462.7 0.0000e+00
FDR 4096 512 2 4 5.00 0.9000 10.1 7.9080e-04
FDR 4096 512 2 4 5.00 0.9000 50.6 2.3628e-04
FDR 4096 512 2 4 5.00 0.9000 152.2 0.0000e+00
FDR 4096 512 2 4 5.00 0.9000 305.9 0.0000e+00
FDR 4096 512 2 4 5.00 0.9000 462.7 0.0000e+00
FDR 4096 512 2 4 5.00 0.9500 10.1 9.4580e-04
FDR 4096 512 2 4 5.00 0.9500 50.6 2.3436e-04
FDR 4096 512 2 4 5.00 0.9500 152.2 0.0000e+00
FDR 4096 512 2 4 5.00 0.9500 305.9 0.0000e+00
FDR 4096 512 2 4 5.00 0.9500 462.7 0.0000e+00
FDR 4096 512 2 4 5.00 0.9900 10.1 1.5006e-02
FDR 4096 512 2 4 5.00 0.9900 50.6 8.0470e-04
FDR 4096 512 2 4 5.00 0.9900 152.2 0.0000e+00
FDR 4096 512 2 4 5.00 0.9900 305.9 0.0000e+00
FDR 4096 512 2 4 5.00 0.9900 462.7 0.0000e+00
FDR 4096 512 2 4 5.50 0.8000 10.1 3.1323e-04
FDR 4096 512 2 4 5.50 0.8000 50.6 3.4034e-04
FDR 4096 512 2 4 5.50 0.8000 152.2 8.8629e-05
FDR 4096 512 2 4 5.50 0.8000 305.9 0.0000e+00
FDR 4096 512 2 4 5.50 0.8000 462.7 0.0000e+00
FDR 4096 512 2 4 5.50 0.9000 10.1 6.7375e-04
FDR 4096 512 2 4 5.50 0.9000 50.6 3.2747e-04
FDR 4096 512 2 4 5.50 0.9000 152.2 0.0000e+00
FDR 4096 512 2 4 5.50 0.9000 305.9 0.0000e+00
FDR 4096 512 2 4 5.50 0.9000 462.7 0.0000e+00
FDR 4096 512 2 4 5.50 0.9500 10.1 8.2360e-04
FDR 4096 512 2 4 5.50 0.9500 50.6 2.4239e-04
FDR 4096 512 2 4 5.50 0.9500 152.2 0.0000e+00
FDR 4096 512 2 4 5.50 0.9500 305.9 0.0000e+00
FDR 4096 512 2 4 5.50 0.9500 462.7 0.0000e+00
FDR 4096 512 2 4 5.50 0.9900 10.1 1.3093e-02
FDR 4096 512 2 4 5.50 0.9900 50.6 5.7623e-04
FDR 4096 512 2 4 5.50 0.9900 152.2 0.0000e+00
FDR 4096 512 2 4 5.50 0.9900 305.9 0.0000e+00
FDR 4096 512 2 4 5.50 0.9900 462.7 0.0000e+00
FDR 4096 512 2 4 6.00 0.8000 10.1 4.1295e-04
FDR 4096 512 2 4 6.00 0.8000 50.6 4.4049e-04
FDR 4096 512 2 4 6.00 0.8000 152.2 9.0572e-05
FDR 4096 512 2 4 6.00 0.8000 305.9 0.0000e+00
FDR 4096 512 2 4 6.00 0.8000 462.7 0.0000e+00
FDR 4096 512 2 4 6.00 0.9000 10.1 7.0001e-04
FDR 4096 512 2 4 6.00 0.9000 50.6 3.3721e-04
FDR 4096 512 2 4 6.00 0.9000 152.2 0.0000e+00
FDR 4096 512 2 4 6.00 0.9000 305.9 0.0000e+00
FDR 4096 512 2 4 6.00 0.9000 462.7 0.0000e+00
FDR 4096 512 2 4 6.00 0.9500 10.1 4.6125e-04
FDR 4096 512 2 4 6.00 0.9500 50.6 2.4843e-04
FDR 4096 512 2 4 6.00 0.9500 152.2 0.0000e+00
FDR 4096 512 2 4 6.00 0.9500 305.9 0.0000e+00
FDR 4096 512 2 4 6.00 0.9500 462.7 0.0000e+00
FDR 4096 512 2 4 6.00 0.9900 10.1 9.8495e-03
FDR 4096 512 2 4 6.00 0.9900 50.6 3.3492e-04
FDR 4096 512 2 4 6.00 0.9900 152.2 0.0000e+00
FDR 4096 512 2 4 6.00 0.9900 305.9 0.0000e+00
FDR 4096 512 2 4 6.00 0.9900 462.7 0.0000e+00
FDR 4096 512 2 8 5.00 0.8000 10.1 2.9483e-04
FDR 4096 512 2 8 5.00 0.8000 50.6 2.4229e-04
FDR 4096 512 2 8 5.00 0.8000 152.2 0.0000e+00
FDR 4096 512 2 8 5.00 0.8000 305.9 0.0000e+00
FDR 4096 512 2 8 5.00 0.8000 462.7 0.0000e+00
FDR 4096 512 2 8 5.00 0.9000 10.1 7.9080e-04
FDR 4096 512 2 8 5.00 0.9000 50.6 3.9379e-04
FDR 4096 512 2 8 5.00 0.9000 152.2 7.4608e-04
FDR 4096 512 2 8 5.00 0.9000 305.9 1.6209e-03
FDR 4096 512 2 8 5.00 0.9000 462.7 1.9882e-03
FDR 4096 512 2 8 5.00 0.9500 10.1 9.4580e-04
FDR 4096 512 2 8 5.00 0.9500 50.6 4.6871e-04
FDR 4096 512 2 8 5.00 0.9500 152.2 1.2323e-03
FDR 4096 512 2 8 5.00 0.9500 305.9 3.3895e-03
FDR 4096 512 2 8 5.00 0.9500 462.7 6.9468e-03
FDR 4096 512 2 8 5.00 0.9900 10.1 1.6476e-02
FDR 4096 512 2 8 5.00 0.9900 50.6 5.7938e-03
FDR 4096 512 2 8 5.00 0.9900 152.2 5.8990e-03
FDR 4096 512 2 8 5.00 0.9900 305.9 2.3587e-02
FDR 4096 512 2 8 5.00 0.9900 462.7 4.1631e-02
FDR 4096 512 2 8 5.50 0.8000 10.1 3.1323e-04
FDR 4096 512 2 8 5.50 0.8000 50.6 5.9559e-04
FDR 4096 512 2 8 5.50 0.8000 152.2 8.8629e-05
FDR 4096 512 2 8 5.50 0.8000 305.9 5.3720e-04
FDR 4096 512 2 8 5.50 0.8000 462.7 5.3528e-04
FDR 4096 512 2 8 5.50 0.9000 10.1 6.7375e-04
FDR 4096 512 2 8 5.50 0.9000 50.6 4.9120e-04
FDR 4096 512 2 8 5.50 0.9000 152.2 8.6059e-04
FDR 4096 512 2 8 5.50 0.9000 305.9 2.0213e-03
FDR 4096 512 2 8 5.50 0.9000 462.7 3.4480e-03
FDR 4096 512 2 8 5.50 0.9500 10.1 8.2360e-04
FDR 4096 512 2 8 5.50 0.9500 50.6 4.8477e-04
FDR 4096 512 2 8 5.50 0.9500 152.2 1.5240e-03
FDR 4096 512 2 8 5.50 0.9500 305.9 3.8264e-03
FDR 4096 512 2 8 5.50 0.9500 462.7 8.4218e-03
FDR 4096 512 2 8 5.50 0.9900 10.1 1.3960e-02
FDR 4096 512 2 8 5.50 0.9900 50.6 4.8568e-03
FDR 4096 512 2 8 5.50 0.9900 152.2 6.4615e-03
FDR 4096 512 2 8 5.50 0.9900 305.9 2.6938e-02
FDR 4096 512 2 8 5.50 0.9900 462.7 4.9466e-02
FDR 4096 512 2 8 6.00 0.8000 10.1 4.1295e-04
FDR 4096 512 2 8 6.00 0.8000 50.6 7.9288e-04
FDR 4096 512 2 8 6.00 0.8000 152.2 2.7171e-04
FDR 4096 512 2 8 6.00 0.8000 305.9 8.2020e-04
FDR 4096 512 2 8 6.00 0.8000 462.7 1.2656e-03
FDR 4096 512 2 8 6.00 0.9000 10.1 7.0001e-04
FDR 4096 512 2 8 6.00 0.9000 50.6 5.0582e-04
FDR 4096 512 2 8 6.00 0.9000 152.2 8.7951e-04
FDR 4096 512 2 8 6.00 0.9000 305.9 2.3266e-03
FDR 4096 512 2 8 6.00 0.9000 462.7 4.3138e-03
FDR 4096 512 2 8 6.00 0.9500 10.1 5.3813e-04
FDR 4096 512 2 8 6.00 0.9500 50.6 4.9685e-04
FDR 4096 512 2 8 6.00 0.9500 152.2 1.5551e-03
FDR 4096 512 2 8 6.00 0.9500 305.9 4.2452e-03
FDR 4096 512 2 8 6.00 0.9500 462.7 1.1603e-02
FDR 4096 512 2 8 6.00 0.9900 10.1 1.0650e-02
FDR 4096 512 2 8 6.00 0.9900 50.6 3.4330e-03
FDR 4096 512 2 8 6.00 0.9900 152.2 6.9972e-03
FDR 4096 512 2 8 6.00 0.9900 305.9 2.9005e-02
FDR 4096 512 2 8 6.00 0.9900 462.7 5.6902e-02
FDR 4096 1024 2 4 5.00 0.8000 20.6 3.8379e-04
FDR 4096 1024 2 4 5.00 0.8000 100.6 2.5236e-04
FDR 4096 1024 2 4 5.00 0.8000 303.8 0.0000e+00
FDR 4096 1024 2 4 5.00 0.8000 611.4 0.0000e+00
FDR 4096 1024 2 4 5.00 0.8000 925.4 0.0000e+00
FDR 4096 1024 2 4 5.00 0.9000 20.6 5.2395e-04
FDR 4096 1024 2 4 5.00 0.9000 100.6 8.1374e-05
FDR 4096 1024 2 4 5.00 0.9000 303.8 8.6147e-05
FDR 4096 1024 2 4 5.00 0.9000 611.4 0.0000e+00
FDR 4096 1024 2 4 5.00 0.9000 925.4 0.0000e+00
FDR 4096 1024 2 4 5.00 0.9500 20.6 5.2691e-04
FDR 4096 1024 2 4 5.00 0.9500 100.6 4.0206e-04
FDR 4096 1024 2 4 5.00 0.9500 303.8 8.4818e-05
FDR 4096 1024 2 4 5.00 0.9500 611.4 0.0000e+00
FDR 4096 1024 2 4 5.00 0.9500 925.4 0.0000e+00
FDR 4096 1024 2 4 5.00 0.9900 20.6 7.9603e-03
FDR 4096 1024 2 4 5.00 0.9900 100.6 3.2563e-04
FDR 4096 1024 2 4 5.00 0.9900 303.8 0.0000e+00
FDR 4096 1024 2 4 5.00 0.9900 611.4 0.0000e+00
FDR 4096 1024 2 4 5.00 0.9900 925.4 0.0000e+00
FDR 4096 1024 2 4 5.50 0.8000 20.6 4.8697e-04
FDR 4096 1024 2 4 5.50 0.8000 100.6 4.3691e-04
FDR 4096 1024 2 4 5.50 0.8000 303.8 0.0000e+00
FDR 4096 1024 2 4 5.50 0.8000 611.4 0.0000e+00
FDR 4096 1024 2 4 5.50 0.8000 925.4 0.0000e+00
FDR 4096 1024 2 4 5.50 0.9000 20.6 6.2495e-04
FDR 4096 1024 2 4 5.50 0.9000 100.6 2.5389e-04
FDR 4096 1024 2 4 5.50 0.9000 303.8 8.9111e-05
FDR 4096 1024 2 4 5.50 0.9000 611.4 0.0000e+00
FDR 4096 1024 2 4 5.50 0.9000 925.4 0.0000e+00
FDR 4096 1024 2 4 5.50 0.9500 20.6 3.8757e-04
FDR 4096 1024 2 4 5.50 0.9500 100.6 1.6654e-04
FDR 4096 1024 2 4 5.50 0.9500 303.8 8.7405e-05
FDR 4096 1024 2 4 5.50 0.9500 611.4 0.0000e+00
FDR 4096 1024 2 4 5.50 0.9500 925.4 0.0000e+00
FDR 4096 1024 2 4 5.50 0.9900 20.6 7.5478e-03
FDR 4096 1024 2 4 5.50 0.9900 100.6 5.8377e-04
FDR 4096 1024 2 4 5.50 0.9900 303.8 0.0000e+00
FDR 4096 1024 2 4 5.50 0.9900 611.4 0.0000e+00
FDR 4096 1024 2 4 5.50 0.9900 925.4 0.0000e+00
FDR 4096 1024 2 4 6.00 0.8000 20.6 5.9112e-04
FDR 4096 1024 2 4 6.00 0.8000 100.6 4.4835e-04
FDR 4096 1024 2 4 6.00 0.8000 303.8 0.0000e+00
FDR 4096 1024 2 4 6.00 0.8000 611.4 0.0000e+00
FDR 4096 1024 2 4 6.00 0.8000 925.4 0.0000e+00
FDR 4096 1024 2 4 6.00 0.9000 20.6 5.6634e-04
FDR 4096 1024 2 4 6.00 0.9000 100.6 3.4783e-04
FDR 4096 1024 2 4 6.00 0.9000 303.8 9.0942e-05
FDR 4096 1024 2 4 6.00 0.9000 611.4 0.0000e+00
FDR 4096 1024 2 4 6.00 0.9000 925.4 0.0000e+00
FDR 4096 1024 2 4 6.00 0.9500 20.6 2.3863e-04
FDR 4096 1024 2 4 6.00 0.9500 100.6 2.5534e-04
FDR 4096 1024 2 4 6.00 0.9500 303.8 8.9342e-05
FDR 4096 1024 2 4 6.00 0.9500 611.4 0.0000e+00
FDR 4096 1024 2 4 6.00 0.9500 925.4 0.0000e+00
FDR 4096 1024 2 4 6.00 0.9900 20.6 4.8972e-03
FDR 4096 1024 2 4 6.00 0.9900 100.6 2.5432e-04
FDR 4096 1024 2 4 6.00 0.9900 303.8 0.0000e+00
FDR 4096 1024 2 4 6.00 0.9900 611.4 0.0000e+00
FDR 4096 1024 2 4 6.00 0.9900 925.4 0.0000e+00
FDR 4096 1024 2 8 5.00 0.8000 20.6 3.8379e-04
FDR 4096 1024 2 8 5.00 0.8000 100.6 3.3647e-04
FDR 4096 1024 2 8 5.00 0.8000 303.8 0.0000e+00
FDR 4096 1024 2 8 5.00 0.8000 611.4 0.0000e+00
FDR 4096 1024 2 8 5.00 0.8000 925.4 0.0000e+00
FDR 4096 1024 2 8 5.00 0.9000 20.6 5.2395e-04
FDR 4096 1024 2 8 5.00 0.9000 100.6 3.2549e-04
FDR 4096 1024 2 8 5.00 0.9000 303.8 3.4459e-04
FDR 4096 1024 2 8 5.00 0.9000 611.4 6.1745e-04
FDR 4096 1024 2 8 5.00 0.9000 925.4 1.8610e-03
FDR 4096 1024 2 8 5.00 0.9500 20.6 5.2691e-04
FDR 4096 1024 2 8 5.00 0.9500 100.6 5.6288e-04
FDR 4096 1024 2 8 5.00 0.9500 303.8 5.0891e-04
FDR 4096 1024 2 8 5.00 0.9500 611.4 2.0948e-03
FDR 4096 1024 2 8 5.00 0.9500 925.4 6.0718e-03
FDR 4096 1024 2 8 5.00 0.9900 20.6 8.8272e-03
FDR 4096 1024 2 8 5.00 0.9900 100.6 3.1749e-03
FDR 4096 1024 2 8 5.00 0.9900 303.8 4.0424e-03
FDR 4096 1024 2 8 5.00 0.9900 611.4 1.8594e-02
FDR 4096 1024 2 8 5.00 0.9900 925.4 3.4244e-02
FDR 4096 1024 2 8 5.50 0.8000 20.6 4.8697e-04
FDR 4096 1024 2 8 5.50 0.8000 100.6 4.3691e-04
FDR 4096 1024 2 8 5.50 0.8000 303.8 2.7347e-04
FDR 4096 1024 2 8 5.50 0.8000 611.4 4.5855e-04
FDR 4096 1024 2 8 5.50 0.8000 925.4 3.6684e-04
FDR 4096 1024 2 8 5.50 0.9000 20.6 6.2495e-04
FDR 4096 1024 2 8 5.50 0.9000 100.6 3.3852e-04
FDR 4096 1024 2 8 5.50 0.9000 303.8 5.3466e-04
FDR 4096 1024 2 8 5.50 0.9000 611.4 1.1747e-03
FDR 4096 1024 2 8 5.50 0.9000 925.4 3.3548e-03
FDR 4096 1024 2 8 5.50 0.9500 20.6 3.8757e-04
FDR 4096 1024 2 8 5.50 0.9500 100.6 4.9963e-04
FDR 4096 1024 2 8 5.50 0.9500 303.8 7.8664e-04
FDR 4096 1024 2 8 5.50 0.9500 611.4 3.1217e-03
FDR 4096 1024 2 8 5.50 0.9500 925.4 9.8455e-03
FDR 4096 1024 2 8 5.50 0.9900 20.6 7.9493e-03
FDR 4096 1024 2 8 5.50 0.9900 100.6 2.9189e-03
FDR 4096 1024 2 8 5.50 0.9900 303.8 5.0954e-03
FDR 4096 1024 2 8 5.50 0.9900 611.4 2.4004e-02
FDR 4096 1024 2 8 5.50 0.9900 925.4 4.3974e-02
FDR 4096 1024 2 8 6.00 0.8000 20.6 5.9112e-04
FDR 4096 1024 2 8 6.00 0.8000 100.6 6.2769e-04
FDR 4096 1024 2 8 6.00 0.8000 303.8 7.3889e-04
FDR 4096 1024 2 8 6.00 0.8000 611.4 1.2982e-03
FDR 4096 1024 2 8 6.00 0.8000 925.4 2.2237e-03
FDR 4096 1024 2 8 6.00 0.9000 20.6 5.6634e-04
FDR 4096 1024 2 8 6.00 0.9000 100.6 3.4783e-04
FDR 4096 1024 2 8 6.00 0.9000 303.8 6.3660e-04
FDR 4096 1024 2 8 6.00 0.9000 611.4 1.9224e-03
FDR 4096 1024 2 8 6.00 0.9000 925.4 4.4105e-03
FDR 4096 1024 2 8 6.00 0.9500 20.6 2.3863e-04
FDR 4096 1024 2 8 6.00 0.9500 100.6 5.9580e-04
FDR 4096 1024 2 8 6.00 0.9500 303.8 8.0407e-04
FDR 4096 1024 2 8 6.00 0.9500 611.4 4.6171e-03
FDR 4096 1024 2 8 6.00 0.9500 925.4 1.3522e-02
FDR 4096 1024 2 8 6.00 0.9900 20.6 5.4685e-03
FDR 4096 1024 2 8 6.00 0.9900 100.6 2.3737e-03
FDR 4096 1024 2 8 6.00 0.9900 303.8 5.7008e-03
FDR 4096 1024 2 8 6.00 0.9900 611.4 2.7698e-02
FDR 4096 1024 2 8 6.00 0.9900 925.4 5.0951e-02
FDR 4096 2048 2 4 5.00 0.8000 40.6 0.0000e+00
FDR 4096 2048 2 4 5.00 0.8000 208.6 0.0000e+00
FDR 4096 2048 2 4 5.00 0.8000 607.1 0.0000e+00
FDR 4096 2048 2 4 5.00 0.8000 1222.5 0.0000e+00
FDR 4096 2048 2 4 5.00 0.8000 1850.9 0.0000e+00
FDR 4096 2048 2 4 5.00 0.9000 40.6 0.0000e+00
FDR 4096 2048 2 4 5.00 0.9000 208.6 0.0000e+00
FDR 4096 2048 2 4 5.00 0.9000 607.1 0.0000e+00
FDR 4096 2048 2 4 5.00 0.9000 1222.5 0.0000e+00
FDR 4096 2048 2 4 5.00 0.9000 1850.9 0.0000e+00
FDR 4096 2048 2 4 5.00 0.9500 40.6 0.0000e+00
FDR 4096 2048 2 4 5.00 0.9500 208.6 0.0000e+00
FDR 4096 2048 2 4 5.00 0.9500 607.1 0.0000e+00
FDR 4096 2048 2 4 5.00 0.9500 1222.5 0.0000e+00
FDR 4096 2048 2 4 5.00 0.9500 1850.9 0.0000e+00
FDR 4096 2048 2 4 5.00 0.9900 40.6 0.0000e+00
FDR 4096 2048 2 4 5.00 0.9900 208.6 0.0000e+00
FDR 4096 2048 2 4 5.00 0.9900 607.1 0.0000e+00
FDR 4096 2048 2 4 5.00 0.9900 1222.5 0.0000e+00
FDR 4096 2048 2 4 5.00 0.9900 1850.9 0.0000e+00
FDR 4096 2048 2 4 5.50 0.8000 40.6 0.0000e+00
FDR 4096 2048 2 4 5.50 0.8000 208.6 0.0000e+00
FDR 4096 2048 2 4 5.50 0.8000 607.1 0.0000e+00
FDR 4096 2048 2 4 5.50 0.8000 1222.5 0.0000e+00
FDR 4096 2048 2 4 5.50 0.8000 1850.9 0.0000e+00
FDR 4096 2048 2 4 5.50 0.9000 40.6 0.0000e+00
FDR 4096 2048 2 4 5.50 0.9000 208.6 0.0000e+00
FDR 4096 2048 2 4 5.50 0.9000 607.1 0.0000e+00
FDR 4096 2048 2 4 5.50 0.9000 1222.5 0.0000e+00
FDR 4096 2048 2 4 5.50 0.9000 1850.9 0.0000e+00
FDR 4096 2048 2 4 5.50 0.9500 40.6 0.0000e+00
FDR 4096 2048 2 4 5.50 0.9500 208.6 0.0000e+00
FDR 4096 2048 2 4 5.50 0.9500 607.1 0.0000e+00
FDR 4096 2048 2 4 5.50 0.9500 1222.5 0.0000e+00
FDR 4096 2048 2 4 5.50 0.9500 1850.9 0.0000e+00
FDR 4096 2048 2 4 5.50 0.9900 40.6 0.0000e+00
FDR 4096 2048 2 4 5.50 0.9900 208.6 0.0000e+00
FDR 4096 2048 2 4 5.50 0.9900 607.1 0.0000e+00
FDR 4096 2048 2 4 5.50 0.9900 1222.5 0.0000e+00
FDR 4096 2048 2 4 5.50 0.9900 1850.9 0.0000e+00
FDR 4096 2048 2 4 6.00 0.8000 40.6 0.0000e+00
FDR 4096 2048 2 4 6.00 0.8000 208.6 0.0000e+00
FDR 4096 2048 2 4 6.00 0.8000 607.1 0.0000e+00
FDR 4096 2048 2 4 6.00 0.8000 1222.5 9.2868e-05
FDR 4096 2048 2 4 6.00 0.8000 1850.9 0.0000e+00
FDR 4096 2048 2 4 6.00 0.9000 40.6 0.0000e+00
FDR 4096 2048 2 4 6.00 0.9000 208.6 0.0000e+00
FDR 4096 2048 2 4 6.00 0.9000 607.1 0.0000e+00
FDR 4096 2048 2 4 6.00 0.9000 1222.5 9.2868e-05
FDR 4096 2048 2 4 6.00 0.9000 1850.9 0.0000e+00
FDR 4096 2048 2 4 6.00 0.9500 40.6 0.0000e+00
FDR 4096 2048 2 4 6.00 0.9500 208.6 0.0000e+00
FDR 4096 2048 2 4 6.00 0.9500 607.1 0.0000e+00
FDR 4096 2048 2 4 6.00 0.9500 1222.5 9.2868e-05
FDR 4096 2048 2 4 6.00 0.9500 1850.9 0.0000e+00
FDR 4096 2048 2 4 6.00 0.9900 40.6 0.0000e+00
FDR 4096 2048 2 4 6.00 0.9900 208.6 0.0000e+00
FDR 4096 2048 2 4 6.00 0.9900 607.1 0.0000e+00
FDR 4096 2048 2 4 6.00 0.9900 1222.5 9.2868e-05
FDR 4096 2048 2 4 6.00 0.9900 1850.9 0.0000e+00
FDR 4096 2048 2 8 5.00 0.8000 40.6 0.0000e+00
FDR 4096 2048 2 8 5.00 0.8000 208.6 0.0000e+00
FDR 4096 2048 2 8 5.00 0.8000 607.1 0.0000e+00
FDR 4096 2048 2 8 5.00 0.8000 1222.5 0.0000e+00
FDR 4096 2048 2 8 5.00 0.8000 1850.9 0.0000e+00
FDR 4096 2048 2 8 5.00 0.9000 40.6 0.0000e+00
FDR 4096 2048 2 8 5.00 0.9000 208.6 0.0000e+00
FDR 4096 2048 2 8 5.00 0.9000 607.1 0.0000e+00
FDR 4096 2048 2 8 5.00 0.9000 1222.5 0.0000e+00
FDR 4096 2048 2 8 5.00 0.9000 1850.9 0.0000e+00
FDR 4096 2048 2 8 5.00 0.9500 40.6 0.0000e+00
FDR 4096 2048 2 8 5.00 0.9500 208.6 0.0000e+00
FDR 4096 2048 2 8 5.00 0.9500 607.1 0.0000e+00
FDR 4096 2048 2 8 5.00 0.9500 1222.5 0.0000e+00
FDR 4096 2048 2 8 5.00 0.9500 1850.9 0.0000e+00
FDR 4096 2048 2 8 5.00 0.9900 40.6 0.0000e+00
FDR 4096 2048 2 8 5.00 0.9900 208.6 0.0000e+00
FDR 4096 2048 2 8 5.00 0.9900 607.1 0.0000e+00
FDR 4096 2048 2 8 5.00 0.9900 1222.5 0.0000e+00
FDR 4096 2048 2 8 5.00 0.9900 1850.9 0.0000e+00
FDR 4096 2048 2 8 5.50 0.8000 40.6 0.0000e+00
FDR 4096 2048 2 8 5.50 0.8000 208.6 0.0000e+00
FDR 4096 2048 2 8 5.50 0.8000 607.1 0.0000e+00
FDR 4096 2048 2 8 5.50 0.8000 1222.5 0.0000e+00
FDR 4096 2048 2 8 5.50 0.8000 1850.9 0.0000e+00
FDR 4096 2048 2 8 5.50 0.9000 40.6 0.0000e+00
FDR 4096 2048 2 8 5.50 0.9000 208.6 0.0000e+00
FDR 4096 2048 2 8 5.50 0.9000 607.1 0.0000e+00
FDR 4096 2048 2 8 5.50 0.9000 1222.5 0.0000e+00
FDR 4096 2048 2 8 5.50 0.9000 1850.9 0.0000e+00
FDR 4096 2048 2 8 5.50 0.9500 40.6 0.0000e+00
FDR 4096 2048 2 8 5.50 0.9500 208.6 0.0000e+00
FDR 4096 2048 2 8 5.50 0.9500 607.1 0.0000e+00
FDR 4096 2048 2 8 5.50 0.9500 1222.5 0.0000e+00
FDR 4096 2048 2 8 5.50 0.9500 1850.9 0.0000e+00
FDR 4096 2048 2 8 5.50 0.9900 40.6 0.0000e+00
FDR 4096 2048 2 8 5.50 0.9900 208.6 0.0000e+00
FDR 4096 2048 2 8 5.50 0.9900 607.1 0.0000e+00
FDR 4096 2048 2 8 5.50 0.9900 1222.5 0.0000e+00
FDR 4096 2048 2 8 5.50 0.9900 1850.9 0.0000e+00
FDR 4096 2048 2 8 6.00 0.8000 40.6 0.0000e+00
FDR 4096 2048 2 8 6.00 0.8000 208.6 0.0000e+00
FDR 4096 2048 2 8 6.00 0.8000 607.1 0.0000e+00
FDR 4096 2048 2 8 6.00 0.8000 1222.5 9.2868e-05
FDR 4096 2048 2 8 6.00 0.8000 1850.9 0.0000e+00
FDR 4096 2048 2 8 6.00 0.9000 40.6 0.0000e+00
FDR 4096 2048 2 8 6.00 0.9000 208.6 0.0000e+00
FDR 4096 2048 2 8 6.00 0.9000 607.1 0.0000e+00
FDR 4096 2048 2 8 6.00 0.9000 1222.5 9.2868e-05
FDR 4096 2048 2 8 6.00 0.9000 1850.9 0.0000e+00
FDR 4096 2048 2 8 6.00 0.9500 40.6 0.0000e+00
FDR 4096 2048 2 8 6.00 0.9500 208.6 0.0000e+00
FDR 4096 2048 2 8 6.00 0.9500 607.1 0.0000e+00
FDR 4096 2048 2 8 6.00 0.9500 1222.5 9.2868e-05
FDR 4096 2048 2 8 6.00 0.9500 1850.9 0.0000e+00
FDR 4096 2048 2 8 6.00 0.9900 40.6 0.0000e+00
FDR 4096 2048 2 8 6.00 0.9900 208.6 0.0000e+00
FDR 4096 2048 2 8 6.00 0.9900 607.1 0.0000e+00
FDR 4096 2048 2 8 6.00 0.9900 1222.5 9.2868e-05
FDR 4096 2048 2 8 6.00 0.9900 1850.9 0.0000e+00
COST 4096 256 2 4 5.00 0.8000 5.2 2.2113
COST 4096 256 2 4 5.00 0.8000 25.6 5.6836
COST 4096 256 2 4 5.00 0.8000 76.4 13.0233
COST 4096 256 2 4 5.00 0.8000 153.1 16.3487
COST 4096 256 2 4 5.00 0.8000 231.4 16.0950
COST 4096 256 2 4 5.00 0.9000 5.2 1.1981
COST 4096 256 2 4 5.00 0.9000 25.6 2.0102
COST 4096 256 2 4 5.00 0.9000 76.4 4.7477
COST 4096 256 2 4 5.00 0.9000 153.1 13.4955
COST 4096 256 2 4 5.00 0.9000 231.4 16.6899
COST 4096 256 2 4 5.00 0.9500 5.2 0.6726
COST 4096 256 2 4 5.00 0.9500 25.6 1.3128
COST 4096 256 2 4 5.00 0.9500 76.4 2.5151
COST 4096 256 2 4 5.00 0.9500 153.1 9.4673
COST 4096 256 2 4 5.00 0.9500 231.4 14.1784
COST 4096 256 2 4 5.00 0.9900 5.2 0.8107
COST 4096 256 2 4 5.00 0.9900 25.6 0.8334
COST 4096 256 2 4 5.00 0.9900 76.4 1.5584
COST 4096 256 2 4 5.00 0.9900 153.1 5.3665
COST 4096 256 2 4 5.00 0.9900 231.4 11.9929
COST 4096 256 2 4 5.50 0.8000 5.2 1.4134
COST 4096 256 2 4 5.50 0.8000 25.6 2.5357
COST 4096 256 2 4 5.50 0.8000 76.4 5.9708
COST 4096 256 2 4 5.50 0.8000 153.1 14.7847
COST 4096 256 2 4 5.50 0.8000 231.4 16.6341
COST 4096 256 2 4 5.50 0.9000 5.2 0.7878
COST 4096 256 2 4 5.50 0.9000 25.6 1.2048
COST 4096 256 2 4 5.50 0.9000 76.4 1.9646
COST 4096 256 2 4 5.50 0.9000 153.1 6.4756
COST 4096 256 2 4 5.50 0.9000 231.4 13.3329
COST 4096 256 2 4 5.50 0.9500 5.2 0.8144
COST 4096 256 2 4 5.50 0.9500 25.6 0.5842
COST 4096 256 2 4 5.50 0.9500 76.4 1.2586
COST 4096 256 2 4 5.50 0.9500 153.1 3.8751
COST 4096 256 2 4 5.50 0.9500 231.4 7.5916
COST 4096 256 2 4 5.50 0.9900 5.2 0.8571
COST 4096 256 2 4 5.50 0.9900 25.6 0.7854
COST 4096 256 2 4 5.50 0.9900 76.4 0.9080
COST 4096 256 2 4 5.50 0.9900 153.1 1.9919
COST 4096 256 2 4 5.50 0.9900 231.4 4.2444
COST 4096 256 2 4 6.00 0.8000 5.2 0.8690
COST 4096 256 2 4 6.00 0.8000 25.6 1.1288
COST 4096 256 2 4 6.00 0.8000 76.4 2.7407
COST 4096 256 2 4 6.00 0.8000 153.1 6.9706
COST 4096 256 2 4 6.00 0.8000 231.4 11.4060
COST 4096 256 2 4 6.00 0.9000 5.2 0.7589
COST 4096 256 2 4 6.00 0.9000 25.6 0.7703
COST 4096 256 2 4 6.00 0.9000 76.4 1.2287
COST 4096 256 2 4 6.00 0.9000 153.1 2.6282
COST 4096 256 2 4 6.00 0.9000 231.4 4.9601
COST 4096 256 2 4 6.00 0.9500 5.2 0.7433
COST 4096 256 2 4 6.00 0.9500 25.6 0.6894
COST 4096 256 2 4 6.00 0.9500 76.4 0.8160
COST 4096 256 2 4 6.00 0.9500 153.1 1.5686
COST 4096 256 2 4 6.00 0.9500 231.4 2.9432
COST 4096 256 2 4 6.00 0.9900 5.2 0.7662
COST 4096 256 2 4 6.00 0.9900 25.6 0.7035
COST 4096 256 2 4 6.00 0.9900 76.4 0.7837
COST 4096 256 2 4 6.00 0.9900 153.1 1.3970
COST 4096 256 2 4 6.00 0.9900 231.4 2.3333
COST 4096 256 2 8 5.00 0.8000 5.2 2.1368
COST 4096 256 2 8 5.00 0.8000 25.6 4.2016
COST 4096 256 2 8 5.00 0.8000 76.4 6.0298
COST 4096 256 2 8 5.00 0.8000 153.1 12.6582
COST 4096 256 2 8 5.00 0.8000 231.4 11.5797
COST 4096 256 2 8 5.00 0.9000 5.2 1.3118
COST 4096 256 2 8 5.00 0.9000 25.6 1.8408
COST 4096 256 2 8 5.00 0.9000 76.4 2.3207
COST 4096 256 2 8 5.00 0.9000 153.1 3.3806
COST 4096 256 2 8 5.00 0.9000 231.4 3.9462
COST 4096 256 2 8 5.00 0.9500 5.2 0.8888
COST 4096 256 2 8 5.00 0.9500 25.6 1.1484
COST 4096 256 2 8 5.00 0.9500 76.4 1.5170
COST 4096 256 2 8 5.00 0.9500 153.1 1.9671
COST 4096 256 2 8 5.00 0.9500 231.4 2.4528
COST 4096 256 2 8 5.00 0.9900 5.2 0.7705
COST 4096 256 2 8 5.00 0.9900 25.6 0.7967
COST 4096 256 2 8 5.00 0.9900 76.4 0.9283
COST 4096 256 2 8 5.00 0.9900 153.1 1.1943
COST 4096 256 2 8 5.00 0.9900 231.4 1.4675
COST 4096 256 2 8 5.50 0.8000 5.2 1.3668
COST 4096 256 2 8 5.50 0.8000 25.6 2.2832
COST 4096 256 2 8 5.50 0.8000 76.4 3.4271
COST 4096 256 2 8 5.50 0.8000 153.1 5.0843
COST 4096 256 2 8 5.50 0.8000 231.4 6.0609
COST 4096 256 2 8 5.50 0.9000 5.2 0.7966
COST 4096 256 2 8 5.50 0.9000 25.6 1.0856
COST 4096 256 2 8 5.50 0.9000 76.4 1.3536
COST 4096 256 2 8 5.50 0.9000 153.1 1.5490
COST 4096 256 2 8 5.50 0.9000 231.4 1.9576
COST 4096 256 2 8 5.50 0.9500 5.2 0.8696
COST 4096 256 2 8 5.50 0.9500 25.6 0.8875
COST 4096 256 2 8 5.50 0.9500 76.4 0.8908
COST 4096 256 2 8 5.50 0.9500 153.1 0.8279
COST 4096 256 2 8 5.50 0.9500 231.4 1.2894
COST 4096 256 2 8 5.50 0.9900 5.2 0.7257
COST 4096 256 2 8 5.50 0.9900 25.6 0.8603
COST 4096 256 2 8 5.50 0.9900 76.4 0.7898
COST 4096 256 2 8 5.50 0.9900 153.1 0.9301
COST 4096 256 2 8 5.50 0.9900 231.4 1.0343
COST 4096 256 2 8 6.00 0.8000 5.2 0.9531
COST 4096 256 2 8 6.00 0.8000 25.6 1.1950
COST 4096 256 2 8 6.00 0.8000 76.4 1.8470
COST 4096 256 2 8 6.00 0.8000 153.1 2.2339
COST 4096 256 2 8 6.00 0.8000 231.4 2.5014
COST 4096 256 2 8 6.00 0.9000 5.2 0.6893
COST 4096 256 2 8 6.00 0.9000 25.6 0.5880
COST 4096 256 2 8 6.00 0.9000 76.4 0.9536
COST 4096 256 2 8 6.00 0.9000 153.1 1.0142
COST 4096 256 2 8 6.00 0.9000 231.4 1.3509
COST 4096 256 2 8 6.00 0.9500 5.2 0.8318
COST 4096 256 2 8 6.00 0.9500 25.6 0.8730
COST 4096 256 2 8 6.00 0.9500 76.4 0.7678
COST 4096 256 2 8 6.00 0.9500 153.1 0.8483
COST 4096 256 2 8 6.00 0.9500 231.4 1.1634
COST 4096 256 2 8 6.00 0.9900 5.2 0.6818
COST 4096 256 2 8 6.00 0.9900 25.6 0.7301
COST 4096 256 2 8 6.00 0.9900 76.4 0.6697
COST 4096 256 2 8 6.00 0.9900 153.1 0.7985
COST 4096 256 2 8 6.00 0.9900 231.4 0.6510
COST 4096 512 2 4 5.00 0.8000 10.1 2.1071
COST 4096 512 2 4 5.00 0.8000 50.6 8.3626
COST 4096 512 2 4 5.00 0.8000 152.2 16.3306
COST 4096 512 2 4 5.00 0.8000 305.9 16.9456
COST 4096 512 2 4 5.00 0.8000 462.7 17.8989
COST 4096 512 2 4 5.00 0.9000 10.1 1.6428
COST 4096 512 2 4 5.00 0.9000 50.6 2.6926
COST 4096 512 2 4 5.00 0.9000 152.2 8.9323
COST 4096 512 2 4 5.00 0.9000 305.9 17.3709
COST 4096 512 2 4 5.00 0.9000 462.7 19.0102
COST 4096 512 2 4 5.00 0.9500 10.1 1.4661
COST 4096 512 2 4 5.00 0.9500 50.6 2.3055
COST 4096 512 2 4 5.00 0.9500 152.2 5.3273
COST 4096 512 2 4 5.00 0.9500 305.9 13.6339
COST 4096 512 2 4 5.00 0.9500 462.7 18.3140
COST 4096 512 2 4 5.00 0.9900 10.1 1.3442
COST 4096 512 2 4 5.00 0.9900 50.6 1.6386
COST 4096 512 2 4 5.00 0.9900 152.2 2.5957
COST 4096 512 2 4 5.00 0.9900 305.9 10.1710
COST 4096 512 2 4 5.00 0.9900 462.7 17.9180
COST 4096 512 2 4 5.50 0.8000 10.1 2.2353
COST 4096 512 2 4 5.50 0.8000 50.6 3.8514
COST 4096 512 2 4 5.50 0.8000 152.2 10.7638
COST 4096 512 2 4 5.50 0.8000 305.9 17.0328
COST 4096 512 2 4 5.50 0.8000 462.7 18.6697
COST 4096 512 2 4 5.50 0.9000 10.1 0.9233
COST 4096 512 2 4 5.50 0.9000 50.6 1.8238
COST 4096 512 2 4 5.50 0.9000 152.2 2.5567
COST 4096 512 2 4 5.50 0.9000 305.9 10.9452
COST 4096 512 2 4 5.50 0.9000 462.7 17.0870
COST 4096 512 2 4 5.50 0.9500 10.1 1.1477
COST 4096 512 2 4 5.50 0.9500 50.6 1.6845
COST 4096 512 2 4 5.50 0.9500 152.2 2.0303
COST 4096 512 2 4 5.50 0.9500 305.9 6.4069
COST 4096 512 2 4 5.50 0.9500 462.7 13.5445
COST 4096 512 2 4 5.50 0.9900 10.1 1.1328
COST 4096 512 2 4 5.50 0.9900 50.6 1.3303
COST 4096 512 2 4 5.50 0.9900 152.2 1.5847
COST 4096 512 2 4 5.50 0.9900 305.9 4.7574
COST 4096 512 2 4 5.50 0.9900 462.7 8.4032
COST 4096 512 2 4 6.00 0.8000 10.1 1.2508
COST 4096 512 2 4 6.00 0.8000 50.6 1.5575
COST 4096 512 2 4 6.00 0.8000 152.2 4.5101
COST 4096 512 2 4 6.00 0.8000 305.9 12.6790
COST 4096 512 2 4 6.00 0.8000 462.7 14.9095
COST 4096 512 2 4 6.00 0.9000 10.1 1.3527
COST 4096 512 2 4 6.00 0.9000 50.6 1.2425
COST 4096 512 2 4 6.00 0.9000 152.2 1.7928
COST 4096 512 2 4 6.00 0.9000 305.9 4.6262
COST 4096 512 2 4 6.00 0.9000 462.7 8.7994
COST 4096 512 2 4 6.00 0.9500 10.1 1.1107
COST 4096 512 2 4 6.00 0.9500 50.6 0.7934
COST 4096 512 2 4 6.00 0.9500 152.2 1.4919
COST 4096 512 2 4 6.00 0.9500 305.9 3.2268
COST 4096 512 2 4 6.00 0.9500 462.7 5.9256
COST 4096 512 2 4 6.00 0.9900 10.1 1.1792
COST 4096 512 2 4 6.00 0.9900 50.6 1.0779
COST 4096 512 2 4 6.00 0.9900 152.2 1.2662
COST 4096 512 2 4 6.00 0.9900 305.9 2.5293
COST 4096 512 2 4 6.00 0.9900 462.7 4.2042
COST 4096 512 2 8 5.00 0.8000 10.1 3.5027
COST 4096 512 2 8 5.00 0.8000 50.6 8.3320
COST 4096 512 2 8 5.00 0.8000 152.2 14.0911
COST 4096 512 2 8 5.00 0.8000 305.9 15.1875
COST 4096 512 2 8 5.00 0.8000 462.7 18.8336
COST 4096 512 2 8 5.00 0.9000 10.1 1.6000
COST 4096 512 2 8 5.00 0.9000 50.6 2.9207
COST 4096 512 2 8 5.00 0.9000 152.2 3.8045
COST 4096 512 2 8 5.00 0.9000 305.9 5.2572
COST 4096 512 2 8 5.00 0.9000 462.7 7.4772
COST 4096 512 2 8 5.00 0.9500 10.1 1.1256
COST 4096 512 2 8 5.00 0.9500 50.6 1.9831
COST 4096 512 2 8 5.00 0.9500 152.2 1.7829
COST 4096 512 2 8 5.00 0.9500 305.9 3.7617
COST 4096 512 2 8 5.00 0.9500 462.7 4.2788
COST 4096 512 2 8 5.00 0.9900 10.1 1.3155
COST 4096 512 2 8 5.00 0.9900 50.6 1.1180
COST 4096 512 2 8 5.00 0.9900 152.2 1.5278
COST 4096 512 2 8 5.00 0.9900 305.9 2.2920
COST 4096 512 2 8 5.00 0.9900 462.7 2.4327
COST 4096 512 2 8 5.50 0.8000 10.1 2.2324
COST 4096 512 2 8 5.50 0.8000 50.6 3.1987
COST 4096 512 2 8 5.50 0.8000 152.2 6.5799
COST 4096 512 2 8 5.50 0.8000 305.9 8.6840
COST 4096 512 2 8 5.50 0.8000 462.7 9.4288
COST 4096 512 2 8 5.50 0.9000 10.1 1.2564
COST 4096 512 2 8 5.50 0.9000 50.6 2.0258
COST 4096 512 2 8 5.50 0.9000 152.2 2.2165
COST 4096 512 2 8 5.50 0.9000 305.9 3.0690
COST 4096 512 2 8 5.50 0.9000 462.7 3.4629
COST 4096 512 2 8 5.50 0.9500 10.1 1.5760
COST 4096 512 2 8 5.50 0.9500 50.6 1.3049
COST 4096 512 2 8 5.50 0.9500 152.2 1.4876
COST 4096 512 2 8 5.50 0.9500 305.9 2.0045
COST 4096 512 2 8 5.50 0.9500 462.7 2.6038
COST 4096 512 2 8 5.50 0.9900 10.1 1.5377
COST 4096 512 2 8 5.50 0.9900 50.6 1.3617
COST 4096 512 2 8 5.50 0.9900 152.2 1.2050
COST 4096 512 2 8 5.50 0.9900 305.9 1.1409
COST 4096 512 2 8 5.50 0.9900 462.7 1.9583
COST 4096 512 2 8 6.00 0.8000 10.1 1.2620
COST 4096 512 2 8 6.00 0.8000 50.6 1.6606
COST 4096 512 2 8 6.00 0.8000 152.2 2.7747
COST 4096 512 2 8 6.00 0.8000 305.9 4.0831
COST 4096 512 2 8 6.00 0.8000 462.7 3.9125
COST 4096 512 2 8 6.00 0.9000 10.1 0.7803
COST 4096 512 2 8 6.00 0.9000 50.6 1.4822
COST 4096 512 2 8 6.00 0.9000 152.2 1.2310
COST 4096 512 2 8 6.00 0.9000 305.9 1.9590
COST 4096 512 2 8 6.00 0.9000 462.7 2.3569
COST 4096 512 2 8 6.00 0.9500 10.1 1.4359
COST 4096 512 2 8 6.00 0.9500 50.6 1.2430
COST 4096 512 2 8 6.00 0.9500 152.2 1.0951
COST 4096 512 2 8 6.00 0.9500 305.9 1.5591
COST 4096 512 2 8 6.00 0.9500 462.7 2.1022
COST 4096 512 2 8 6.00 0.9900 10.1 1.2801
COST 4096 512 2 8 6.00 0.9900 50.6 1.2421
COST 4096 512 2 8 6.00 0.9900 152.2 1.1672
COST 4096 512 2 8 6.00 0.9900 305.9 1.4041
COST 4096 512 2 8 6.00 0.9900 462.7 1.7136
COST 4096 1024 2 4 5.00 0.8000 20.6 5.8831
COST 4096 1024 2 4 5.00 0.8000 100.6 14.8135
COST 4096 1024 2 4 5.00 0.8000 303.8 20.4318
COST 4096 1024 2 4 5.00 0.8000 611.4 20.5588
COST 4096 1024 2 4 5.00 0.8000 925.4 15.5422
COST 4096 1024 2 4 5.00 0.9000 20.6 2.2607
COST 4096 1024 2 4 5.00 0.9000 100.6 6.8438
COST 4096 1024 2 4 5.00 0.9000 303.8 15.2714
COST 4096 1024 2 4 5.00 0.9000 611.4 18.8205
COST 4096 1024 2 4 5.00 0.9000 925.4 20.9640
COST 4096 1024 2 4 5.00 0.9500 20.6 2.4314
COST 4096 1024 2 4 5.00 0.9500 100.6 3.3477
COST 4096 1024 2 4 5.00 0.9500 303.8 10.6289
COST 4096 1024 2 4 5.00 0.9500 611.4 21.2601
COST 4096 1024 2 4 5.00 0.9500 925.4 22.8333
COST 4096 1024 2 4 5.00 0.9900 20.6 2.1944
COST 4096 1024 2 4 5.00 0.9900 100.6 1.5361
COST 4096 1024 2 4 5.00 0.9900 303.8 5.4923
COST 4096 1024 2 4 5.00 0.9900 611.4 16.4988
COST 4096 1024 2 4 5.00 0.9900 925.4 22.1995
COST 4096 1024 2 4 5.50 0.8000 20.6 4.7896
COST 4096 1024 2 4 5.50 0.8000 100.6 6.4581
COST 4096 1024 2 4 5.50 0.8000 303.8 19.0567
COST 4096 1024 2 4 5.50 0.8000 611.4 20.2308
COST 4096 1024 2 4 5.50 0.8000 925.4 19.8815
COST 4096 1024 2 4 5.50 0.9000 20.6 2.9147
COST 4096 1024 2 4 5.50 0.9000 100.6 3.5230
COST 4096 1024 2 4 5.50 0.9000 303.8 6.6563
COST 4096 1024 2 4 5.50 0.9000 611.4 18.4929
COST 4096 1024 2 4 5.50 0.9000 925.4 22.9650
COST 4096 1024 2 4 5.50 0.9500 20.6 2.9988
COST 4096 1024 2 4 5.50 0.9500 100.6 2.9654
COST 4096 1024 2 4 5.50 0.9500 303.8 4.7568
COST 4096 1024 2 4 5.50 0.9500 611.4 15.4936
COST 4096 1024 2 4 5.50 0.9500 925.4 18.8869
COST 4096 1024 2 4 5.50 0.9900 20.6 1.8199
COST 4096 1024 2 4 5.50 0.9900 100.6 2.5283
COST 4096 1024 2 4 5.50 0.9900 303.8 3.0834
COST 4096 1024 2 4 5.50 0.9900 611.4 8.3704
COST 4096 1024 2 4 5.50 0.9900 925.4 14.7803
COST 4096 1024 2 4 6.00 0.8000 20.6 3.0486
COST 4096 1024 2 4 6.00 0.8000 100.6 3.3868
COST 4096 1024 2 4 6.00 0.8000 303.8 10.1600
COST 4096 1024 2 4 6.00 0.8000 611.4 21.4606
COST 4096 1024 2 4 6.00 0.8000 925.4 21.3299
COST 4096 1024 2 4 6.00 0.9000 20.6 2.6725
COST 4096 1024 2 4 6.00 0.9000 100.6 2.7686
COST 4096 1024 2 4 6.00 0.9000 303.8 4.0237
COST 4096 1024 2 4 6.00 0.9000 611.4 10.1101
COST 4096 1024 2 4 6.00 0.9000 925.4 18.6519
COST 4096 1024 2 4 6.00 0.9500 20.6 2.1845
COST 4096 1024 2 4 6.00 0.9500 100.6 2.8000
COST 4096 1024 2 4 6.00 0.9500 303.8 2.5885
COST 4096 1024 2 4 6.00 0.9500 611.4 6.2726
COST 4096 1024 2 4 6.00 0.9500 925.4 11.3880
COST 4096 1024 2 4 6.00 0.9900 20.6 2.5051
COST 4096 1024 2 4 6.00 0.9900 100.6 2.5552
COST 4096 1024 2 4 6.00 0.9900 303.8 2.6712
COST 4096 1024 2 4 6.00 0.9900 611.4 6.0894
COST 4096 1024 2 4 6.00 0.9900 925.4 8.8350
COST 4096 1024 2 8 5.00 0.8000 20.6 5.5289
COST 4096 1024 2 8 5.00 0.8000 100.6 10.1411
COST 4096 1024 2 8 5.00 0.8000 303.8 17.3814
COST 4096 1024 2 8 5.00 0.8000 611.4 22.0631
COST 4096 1024 2 8 5.00 0.8000 925.4 22.2368
COST 4096 1024 2 8 5.00 0.9000 20.6 4.1285
COST 4096 1024 2 8 5.00 0.9000 100.6 3.5516
COST 4096 1024 2 8 5.00 0.9000 303.8 10.2404
COST 4096 1024 2 8 5.00 0.9000 611.4 13.2534
COST 4096 1024 2 8 5.00 0.9000 925.4 15.3618
COST 4096 1024 2 8 5.00 0.9500 20.6 3.1274
COST 4096 1024 2 8 5.00 0.9500 100.6 3.5314
COST 4096 1024 2 8 5.00 0.9500 303.8 5.0587
COST 4096 1024 2 8 5.00 0.9500 611.4 8.5116
COST 4096 1024 2 8 5.00 0.9500 925.4 9.1732
COST 4096 1024 2 8 5.00 0.9900 20.6 2.0019
COST 4096 1024 2 8 5.00 0.9900 100.6 2.4919
COST 4096 1024 2 8 5.00 0.9900 303.8 2.7423
COST 4096 1024 2 8 5.00 0.9900 611.4 5.7328
COST 4096 1024 2 8 5.00 0.9900 925.4 6.1294
COST 4096 1024 2 8 5.50 0.8000 20.6 4.3957
COST 4096 1024 2 8 5.50 0.8000 100.6 8.2122
COST 4096 1024 2 8 5.50 0.8000 303.8 13.9463
COST 4096 1024 2 8 5.50 0.8000 611.4 18.0286
COST 4096 1024 2 8 5.50 0.8000 925.4 17.0119
COST 4096 1024 2 8 5.50 0.9000 20.6 2.8331
COST 4096 1024 2 8 5.50 0.9000 100.6 3.8787
COST 4096 1024 2 8 5.50 0.9000 303.8 4.9836
COST 4096 1024 2 8 5.50 0.9000 611.4 7.7635
COST 4096 1024 2 8 5.50 0.9000 925.4 8.8582
COST 4096 1024 2 8 5.50 0.9500 20.6 3.0352
COST 4096 1024 2 8 5.50 0.9500 100.6 2.6051
COST 4096 1024 2 8 5.50 0.9500 303.8 2.1130
COST 4096 1024 2 8 5.50 0.9500 611.4 5.1473
COST 4096 1024 2 8 5.50 0.9500 925.4 5.4535
COST 4096 1024 2 8 5.50 0.9900 20.6 2.3778
COST 4096 1024 2 8 5.50 0.9900 100.6 2.4363
COST 4096 1024 2 8 5.50 0.9900 303.8 2.2512
COST 4096 1024 2 8 5.50 0.9900 611.4 4.0152
COST 4096 1024 2 8 5.50 0.9900 925.4 5.0042
COST 4096 1024 2 8 6.00 0.8000 20.6 3.2500
COST 4096 1024 2 8 6.00 0.8000 100.6 3.5932
COST 4096 1024 2 8 6.00 0.8000 303.8 6.6312
COST 4096 1024 2 8 6.00 0.8000 611.4 8.8565
COST 4096 1024 2 8 6.00 0.8000 925.4 10.6998
COST 4096 1024 2 8 6.00 0.9000 20.6 2.3618
COST 4096 1024 2 8 6.00 0.9000 100.6 2.4325
COST 4096 1024 2 8 6.00 0.9000 303.8 2.4799
COST 4096 1024 2 8 6.00 0.9000 611.4 4.4211
COST 4096 1024 2 8 6.00 0.9000 925.4 4.7037
COST 4096 1024 2 8 6.00 0.9500 20.6 1.9598
COST 4096 1024 2 8 6.00 0.9500 100.6 2.1517
COST 4096 1024 2 8 6.00 0.9500 303.8 2.8339
COST 4096 1024 2 8 6.00 0.9500 611.4 3.4367
COST 4096 1024 2 8 6.00 0.9500 925.4 4.9027
COST 4096 1024 2 8 6.00 0.9900 20.6 1.9701
COST 4096 1024 2 8 6.00 0.9900 100.6 1.9794
COST 4096 1024 2 8 6.00 0.9900 303.8 2.8110
COST 4096 1024 2 8 6.00 0.9900 611.4 2.6029
COST 4096 1024 2 8 6.00 0.9900 925.4 4.1341
COST 4096 2048 2 4 5.00 0.8000 40.6 5.7301
COST 4096 2048 2 4 5.00 0.8000 208.6 6.1077
COST 4096 2048 2 4 5.00 0.8000 607.1 7.9292
COST 4096 2048 2 4 5.00 0.8000 1222.5 6.7834
COST 4096 2048 2 4 5.00 0.8000 1850.9 9.5622
COST 4096 2048 2 4 5.00 0.9000 40.6 5.7909
COST 4096 2048 2 4 5.00 0.9000 208.6 5.9770
COST 4096 2048 2 4 5.00 0.9000 607.1 8.1542
COST 4096 2048 2 4 5.00 0.9000 1222.5 5.9837
COST 4096 2048 2 4 5.00 0.9000 1850.9 12.6899
COST 4096 2048 2 4 5.00 0.9500 40.6 4.3051
COST 4096 2048 2 4 5.00 0.9500 208.6 5.8680
COST 4096 2048 2 4 5.00 0.9500 607.1 7.3346
COST 4096 2048 2 4 5.00 0.9500 1222.5 9.8371
COST 4096 2048 2 4 5.00 0.9500 1850.9 8.0651
COST 4096 2048 2 4 5.00 0.9900 40.6 5.8352
COST 4096 2048 2 4 5.00 0.9900 208.6 6.4200
COST 4096 2048 2 4 5.00 0.9900 607.1 8.1929
COST 4096 2048 2 4 5.00 0.9900 1222.5 8.3667
COST 4096 2048 2 4 5.00 0.9900 1850.9 6.5949
COST 4096 2048 2 4 5.50 0.8000 40.6 5.0277
COST 4096 2048 2 4 5.50 0.8000 208.6 6.0455
COST 4096 2048 2 4 5.50 0.8000 607.1 6.4021
COST 4096 2048 2 4 5.50 0.8000 1222.5 7.5926
COST 4096 2048 2 4 5.50 0.8000 1850.9 7.8504
COST 4096 2048 2 4 5.50 0.9000 40.6 5.3747
COST 4096 2048 2 4 5.50 0.9000 208.6 5.6093
COST 4096 2048 2 4 5.50 0.9000 607.1 7.1274
COST 4096 2048 2 4 5.50 0.9000 1222.5 9.6132
COST 4096 2048 2 4 5.50 0.9000 1850.9 10.5416
COST 4096 2048 2 4 5.50 0.9500 40.6 4.5504
COST 4096 2048 2 4 5.50 0.9500 208.6 5.4771
COST 4096 2048 2 4 5.50 0.9500 607.1 5.6779
COST 4096 2048 2 4 5.50 0.9500 1222.5 9.8377
COST 4096 2048 2 4 5.50 0.9500 1850.9 8.1108
COST 4096 2048 2 4 5.50 0.9900 40.6 4.5536
COST 4096 2048 2 4 5.50 0.9900 208.6 5.8299
COST 4096 2048 2 4 5.50 0.9900 607.1 6.0054
COST 4096 2048 2 4 5.50 0.9900 1222.5 8.3654
COST 4096 2048 2 4 5.50 0.9900 1850.9 5.0047
COST 4096 2048 2 4 6.00 0.8000 40.6 6.3295
COST 4096 2048 2 4 6.00 0.8000 208.6 5.9520
COST 4096 2048 2 4 6.00 0.8000 607.1 6.1875
COST 4096 2048 2 4 6.00 0.8000 1222.5 6.6272
COST 4096 2048 2 4 6.00 0.8000 1850.9 6.7520
COST 4096 2048 2 4 6.00 0.9000 40.6 5.6310
COST 4096 2048 2 4 6.00 0.9000 208.6 6.0447
COST 4096 2048 2 4 6.00 0.9000 607.1 6.7682
COST 4096 2048 2 4 6.00 0.9000 1222.5 8.2565
COST 4096 2048 2 4 6.00 0.9000 1850.9 7.1558
COST 4096 2048 2 4 6.00 0.9500 40.6 4.7848
COST 4096 2048 2 4 6.00 0.9500 208.6 5.6996
COST 4096 2048 2 4 6.00 0.9500 607.1 6.3891
COST 4096 2048 2 4 6.00 0.9500 1222.5 7.6486
COST 4096 2048 2 4 6.00 0.9500 1850.9 5.9303
COST 4096 2048 2 4 6.00 0.9900 40.6 5.4089
COST 4096 2048 2 4 6.00 0.9900 208.6 5.3512
COST 4096 2048 2 4 6.00 0.9900 607.1 6.6455
COST 4096 2048 2 4 6.00 0.9900 1222.5 6.1208
COST 4096 2048 2 4 6.00 0.9900 1850.9 6.9997
COST 4096 2048 2 8 5.00 0.8000 40.6 5.3778
COST 4096 2048 2 8 5.00 0.8000 208.6 5.3445
COST 4096 2048 2 8 5.00 0.8000 607.1 7.8109
COST 4096 2048 2 8 5.00 0.8000 1222.5 11.4496
COST 4096 2048 2 8 5.00 0.8000 1850.9 6.8990
COST 4096 2048 2 8 5.00 0.9000 40.6 4.9497
COST 4096 2048 2 8 5.00 0.9000 208.6 5.2323
COST 4096 2048 2 8 5.00 0.9000 607.1 7.7710
COST 4096 2048 2 8 5.00 0.9000 1222.5 9.3455
COST 4096 2048 2 8 5.00 0.9000 1850.9 7.6108
COST 4096 2048 2 8 5.00 0.9500 40.6 5.6420
COST 4096 2048 2 8 5.00 0.9500 208.6 5.8943
COST 4096 2048 2 8 5.00 0.9500 607.1 8.8240
COST 4096 2048 2 8 5.00 0.9500 1222.5 9.5262
COST 4096 2048 2 8 5.00 0.9500 1850.9 7.4519
COST 4096 2048 2 8 5.00 0.9900 40.6 5.2276
COST 4096 2048 2 8 5.00 0.9900 208.6 5.7845
COST 4096 2048 2 8 5.00 0.9900 607.1 6.6206
COST 4096 2048 2 8 5.00 0.9900 1222.5 10.1181
COST 4096 2048 2 8 5.00 0.9900 1850.9 6.6619
COST 4096 2048 2 8 5.50 0.8000 40.6 6.3495
COST 4096 2048 2 8 5.50 0.8000 208.6 5.3540
COST 4096 2048 2 8 5.50 0.8000 607.1 5.5934
COST 4096 2048 2 8 5.50 0.8000 1222.5 10.1048
COST 4096 2048 2 8 5.50 0.8000 1850.9 5.3886
COST 4096 2048 2 8 5.50 0.9000 40.6 5.5624
COST 4096 2048 2 8 5.50 0.9000 208.6 5.3242
COST 4096 2048 2 8 5.50 0.9000 607.1 6.7502
COST 4096 2048 2 8 5.50 0.9000 1222.5 8.6608
COST 4096 2048 2 8 5.50 0.9000 1850.9 7.3629
COST 4096 2048 2 8 5.50 0.9500 40.6 4.9251
COST 4096 2048 2 8 5.50 0.9500 208.6 4.8030
COST 4096 2048 2 8 5.50 0.9500 607.1 6.4784
COST 4096 2048 2 8 5.50 0.9500 1222.5 10.0818
COST 4096 2048 2 8 5.50 0.9500 1850.9 5.1743
COST 4096 2048 2 8 5.50 0.9900 40.6 5.1837
COST 4096 2048 2 8 5.50 0.9900 208.6 5.7297
COST 4096 2048 2 8 5.50 0.9900 607.1 5.5180
COST 4096 2048 2 8 5.50 0.9900 1222.5 8.1286
COST 4096 2048 2 8 5.50 0.9900 1850.9 5.4516
COST 4096 2048 2 8 6.00 0.8000 40.6 5.6648
COST 4096 2048 2 8 6.00 0.8000 208.6 4.7144
COST 4096 2048 2 8 6.00 0.8000 607.1 4.4951
COST 4096 2048 2 8 6.00 0.8000 1222.5 8.0726
COST 4096 2048 2 8 6.00 0.8000 1850.9 5.5191
COST 4096 2048 2 8 6.00 0.9000 40.6 5.3966
COST 4096 2048 2 8 6.00 0.9000 208.6 4.7255
COST 4096 2048 2 8 6.00 0.9000 607.1 4.9715
COST 4096 2048 2 8 6.00 0.9000 1222.5 6.9422
COST 4096 2048 2 8 6.00 0.9000 1850.9 5.4194
COST 4096 2048 2 8 6.00 0.9500 40.6 5.1590
COST 4096 2048 2 8 6.00 0.9500 208.6 4.2040
COST 4096 2048 2 8 6.00 0.9500 607.1 3.2671
COST 4096 2048 2 8 6.00 0.9500 1222.5 6.1818
COST 4096 2048 2 8 6.00 0.9500 1850.9 4.4906
COST 4096 2048 2 8 6.00 0.9900 40.6 5.7847
COST 4096 2048 2 8 6.00 0.9900 208.6 4.7229
COST 4096 2048 2 8 6.00 0.9900 607.1 4.9209
COST 4096 2048 2 8 6.00 0.9900 1222.5 6.0788
COST 4096 2048 2 8 6.00 0.9900 1850.9 5.0293
