# ACC2R rows: n=4096, NO oversample, keyed on band/B_eff.
# measured at band 1024; 24000 trials a cell.
# ACC2R n K snr f ratio margin dismissal
ACC2R 4096 4 5.00 0.8000 1.009 0.900 0.0000e+00
ACC2R 4096 4 5.00 0.8000 1.009 0.930 1.4893e-04
ACC2R 4096 4 5.00 0.8000 1.009 0.960 5.2126e-04
ACC2R 4096 4 5.00 0.8000 1.009 0.980 1.3404e-03
ACC2R 4096 4 5.00 0.8000 1.009 1.000 3.1276e-03
ACC2R 4096 4 5.00 0.8000 1.494 0.900 0.0000e+00
ACC2R 4096 4 5.00 0.8000 1.494 0.930 0.0000e+00
ACC2R 4096 4 5.00 0.8000 1.494 0.960 3.7339e-04
ACC2R 4096 4 5.00 0.8000 1.494 0.980 6.7209e-04
ACC2R 4096 4 5.00 0.8000 1.494 1.000 1.7176e-03
ACC2R 4096 4 5.00 0.8000 1.970 0.900 0.0000e+00
ACC2R 4096 4 5.00 0.8000 1.970 0.930 0.0000e+00
ACC2R 4096 4 5.00 0.8000 1.970 0.960 0.0000e+00
ACC2R 4096 4 5.00 0.8000 1.970 0.980 0.0000e+00
ACC2R 4096 4 5.00 0.8000 1.970 1.000 0.0000e+00
ACC2R 4096 4 5.00 0.8000 3.056 0.900 0.0000e+00
ACC2R 4096 4 5.00 0.8000 3.056 0.930 0.0000e+00
ACC2R 4096 4 5.00 0.8000 3.056 0.960 0.0000e+00
ACC2R 4096 4 5.00 0.8000 3.056 0.980 0.0000e+00
ACC2R 4096 4 5.00 0.8000 3.056 1.000 0.0000e+00
ACC2R 4096 4 5.00 0.8000 3.994 0.900 0.0000e+00
ACC2R 4096 4 5.00 0.8000 3.994 0.930 0.0000e+00
ACC2R 4096 4 5.00 0.8000 3.994 0.960 0.0000e+00
ACC2R 4096 4 5.00 0.8000 3.994 0.980 0.0000e+00
ACC2R 4096 4 5.00 0.8000 3.994 1.000 0.0000e+00
ACC2R 4096 4 5.00 0.8000 6.074 0.900 0.0000e+00
ACC2R 4096 4 5.00 0.8000 6.074 0.930 0.0000e+00
ACC2R 4096 4 5.00 0.8000 6.074 0.960 0.0000e+00
ACC2R 4096 4 5.00 0.8000 6.074 0.980 0.0000e+00
ACC2R 4096 4 5.00 0.8000 6.074 1.000 0.0000e+00
ACC2R 4096 4 5.00 0.8000 7.963 0.900 0.0000e+00
ACC2R 4096 4 5.00 0.8000 7.963 0.930 0.0000e+00
ACC2R 4096 4 5.00 0.8000 7.963 0.960 0.0000e+00
ACC2R 4096 4 5.00 0.8000 7.963 0.980 0.0000e+00
ACC2R 4096 4 5.00 0.8000 7.963 1.000 7.0467e-05
ACC2R 4096 4 5.00 0.8000 15.851 0.900 0.0000e+00
ACC2R 4096 4 5.00 0.8000 15.851 0.930 0.0000e+00
ACC2R 4096 4 5.00 0.8000 15.851 0.960 6.8269e-05
ACC2R 4096 4 5.00 0.8000 15.851 0.980 6.8269e-05
ACC2R 4096 4 5.00 0.8000 15.851 1.000 1.3654e-04
ACC2R 4096 4 5.00 0.8000 31.403 0.900 0.0000e+00
ACC2R 4096 4 5.00 0.8000 31.403 0.930 0.0000e+00
ACC2R 4096 4 5.00 0.8000 31.403 0.960 6.5733e-05
ACC2R 4096 4 5.00 0.8000 31.403 0.980 6.5733e-05
ACC2R 4096 4 5.00 0.8000 31.403 1.000 2.6293e-04
ACC2R 4096 4 5.00 0.9000 1.009 0.900 1.4898e-02
ACC2R 4096 4 5.00 0.9000 1.009 0.930 3.3262e-02
ACC2R 4096 4 5.00 0.9000 1.009 0.960 6.2689e-02
ACC2R 4096 4 5.00 0.9000 1.009 0.980 8.7543e-02
ACC2R 4096 4 5.00 0.9000 1.009 1.000 1.1151e-01
ACC2R 4096 4 5.00 0.9000 1.494 0.900 3.8942e-03
ACC2R 4096 4 5.00 0.9000 1.494 0.930 1.0727e-02
ACC2R 4096 4 5.00 0.9000 1.494 0.960 2.2337e-02
ACC2R 4096 4 5.00 0.9000 1.494 0.980 3.5709e-02
ACC2R 4096 4 5.00 0.9000 1.494 1.000 5.2094e-02
ACC2R 4096 4 5.00 0.9000 1.970 0.900 0.0000e+00
ACC2R 4096 4 5.00 0.9000 1.970 0.930 0.0000e+00
ACC2R 4096 4 5.00 0.9000 1.970 0.960 0.0000e+00
ACC2R 4096 4 5.00 0.9000 1.970 0.980 0.0000e+00
ACC2R 4096 4 5.00 0.9000 1.970 1.000 2.1928e-04
ACC2R 4096 4 5.00 0.9000 3.056 0.900 0.0000e+00
ACC2R 4096 4 5.00 0.9000 3.056 0.930 0.0000e+00
ACC2R 4096 4 5.00 0.9000 3.056 0.960 0.0000e+00
ACC2R 4096 4 5.00 0.9000 3.056 0.980 0.0000e+00
ACC2R 4096 4 5.00 0.9000 3.056 1.000 0.0000e+00
ACC2R 4096 4 5.00 0.9000 3.994 0.900 0.0000e+00
ACC2R 4096 4 5.00 0.9000 3.994 0.930 0.0000e+00
ACC2R 4096 4 5.00 0.9000 3.994 0.960 0.0000e+00
ACC2R 4096 4 5.00 0.9000 3.994 0.980 0.0000e+00
ACC2R 4096 4 5.00 0.9000 3.994 1.000 0.0000e+00
ACC2R 4096 4 5.00 0.9000 6.074 0.900 0.0000e+00
ACC2R 4096 4 5.00 0.9000 6.074 0.930 0.0000e+00
ACC2R 4096 4 5.00 0.9000 6.074 0.960 0.0000e+00
ACC2R 4096 4 5.00 0.9000 6.074 0.980 0.0000e+00
ACC2R 4096 4 5.00 0.9000 6.074 1.000 0.0000e+00
ACC2R 4096 4 5.00 0.9000 7.963 0.900 0.0000e+00
ACC2R 4096 4 5.00 0.9000 7.963 0.930 0.0000e+00
ACC2R 4096 4 5.00 0.9000 7.963 0.960 0.0000e+00
ACC2R 4096 4 5.00 0.9000 7.963 0.980 0.0000e+00
ACC2R 4096 4 5.00 0.9000 7.963 1.000 0.0000e+00
ACC2R 4096 4 5.00 0.9000 15.851 0.900 0.0000e+00
ACC2R 4096 4 5.00 0.9000 15.851 0.930 0.0000e+00
ACC2R 4096 4 5.00 0.9000 15.851 0.960 0.0000e+00
ACC2R 4096 4 5.00 0.9000 15.851 0.980 6.6247e-05
ACC2R 4096 4 5.00 0.9000 15.851 1.000 6.6247e-05
ACC2R 4096 4 5.00 0.9000 31.403 0.900 0.0000e+00
ACC2R 4096 4 5.00 0.9000 31.403 0.930 1.2762e-04
ACC2R 4096 4 5.00 0.9000 31.403 0.960 1.2762e-04
ACC2R 4096 4 5.00 0.9000 31.403 0.980 1.2762e-04
ACC2R 4096 4 5.00 0.9000 31.403 1.000 5.7431e-04
ACC2R 4096 4 5.00 0.9500 1.009 0.900 7.0474e-02
ACC2R 4096 4 5.00 0.9500 1.009 0.930 1.0718e-01
ACC2R 4096 4 5.00 0.9500 1.009 0.960 1.4756e-01
ACC2R 4096 4 5.00 0.9500 1.009 0.980 1.8044e-01
ACC2R 4096 4 5.00 0.9500 1.009 1.000 2.1164e-01
ACC2R 4096 4 5.00 0.9500 1.494 0.900 2.4593e-02
ACC2R 4096 4 5.00 0.9500 1.494 0.930 4.5027e-02
ACC2R 4096 4 5.00 0.9500 1.494 0.960 7.5020e-02
ACC2R 4096 4 5.00 0.9500 1.494 0.980 9.7570e-02
ACC2R 4096 4 5.00 0.9500 1.494 1.000 1.2245e-01
ACC2R 4096 4 5.00 0.9500 1.970 0.900 0.0000e+00
ACC2R 4096 4 5.00 0.9500 1.970 0.930 7.2474e-05
ACC2R 4096 4 5.00 0.9500 1.970 0.960 5.7979e-04
ACC2R 4096 4 5.00 0.9500 1.970 0.980 9.4217e-04
ACC2R 4096 4 5.00 0.9500 1.970 1.000 2.1018e-03
ACC2R 4096 4 5.00 0.9500 3.056 0.900 0.0000e+00
ACC2R 4096 4 5.00 0.9500 3.056 0.930 0.0000e+00
ACC2R 4096 4 5.00 0.9500 3.056 0.960 0.0000e+00
ACC2R 4096 4 5.00 0.9500 3.056 0.980 0.0000e+00
ACC2R 4096 4 5.00 0.9500 3.056 1.000 0.0000e+00
ACC2R 4096 4 5.00 0.9500 3.994 0.900 0.0000e+00
ACC2R 4096 4 5.00 0.9500 3.994 0.930 0.0000e+00
ACC2R 4096 4 5.00 0.9500 3.994 0.960 0.0000e+00
ACC2R 4096 4 5.00 0.9500 3.994 0.980 0.0000e+00
ACC2R 4096 4 5.00 0.9500 3.994 1.000 0.0000e+00
ACC2R 4096 4 5.00 0.9500 6.074 0.900 0.0000e+00
ACC2R 4096 4 5.00 0.9500 6.074 0.930 0.0000e+00
ACC2R 4096 4 5.00 0.9500 6.074 0.960 0.0000e+00
ACC2R 4096 4 5.00 0.9500 6.074 0.980 0.0000e+00
ACC2R 4096 4 5.00 0.9500 6.074 1.000 0.0000e+00
ACC2R 4096 4 5.00 0.9500 7.963 0.900 0.0000e+00
ACC2R 4096 4 5.00 0.9500 7.963 0.930 0.0000e+00
ACC2R 4096 4 5.00 0.9500 7.963 0.960 0.0000e+00
ACC2R 4096 4 5.00 0.9500 7.963 0.980 0.0000e+00
ACC2R 4096 4 5.00 0.9500 7.963 1.000 0.0000e+00
ACC2R 4096 4 5.00 0.9500 15.851 0.900 0.0000e+00
ACC2R 4096 4 5.00 0.9500 15.851 0.930 0.0000e+00
ACC2R 4096 4 5.00 0.9500 15.851 0.960 0.0000e+00
ACC2R 4096 4 5.00 0.9500 15.851 0.980 1.3179e-04
ACC2R 4096 4 5.00 0.9500 15.851 1.000 3.2947e-04
ACC2R 4096 4 5.00 0.9500 31.403 0.900 0.0000e+00
ACC2R 4096 4 5.00 0.9500 31.403 0.930 0.0000e+00
ACC2R 4096 4 5.00 0.9500 31.403 0.960 0.0000e+00
ACC2R 4096 4 5.00 0.9500 31.403 0.980 0.0000e+00
ACC2R 4096 4 5.00 0.9500 31.403 1.000 1.9179e-04
ACC2R 4096 4 5.00 0.9800 1.009 0.900 1.3229e-01
ACC2R 4096 4 5.00 0.9800 1.009 0.930 1.7909e-01
ACC2R 4096 4 5.00 0.9800 1.009 0.960 2.3052e-01
ACC2R 4096 4 5.00 0.9800 1.009 0.980 2.6421e-01
ACC2R 4096 4 5.00 0.9800 1.009 1.000 2.9864e-01
ACC2R 4096 4 5.00 0.9800 1.494 0.900 6.0421e-02
ACC2R 4096 4 5.00 0.9800 1.494 0.930 9.4198e-02
ACC2R 4096 4 5.00 0.9800 1.494 0.960 1.3424e-01
ACC2R 4096 4 5.00 0.9800 1.494 0.980 1.6474e-01
ACC2R 4096 4 5.00 0.9800 1.494 1.000 1.9939e-01
ACC2R 4096 4 5.00 0.9800 1.970 0.900 7.1968e-05
ACC2R 4096 4 5.00 0.9800 1.970 0.930 3.5984e-04
ACC2R 4096 4 5.00 0.9800 1.970 0.960 1.0795e-03
ACC2R 4096 4 5.00 0.9800 1.970 0.980 2.3030e-03
ACC2R 4096 4 5.00 0.9800 1.970 1.000 4.8219e-03
ACC2R 4096 4 5.00 0.9800 3.056 0.900 0.0000e+00
ACC2R 4096 4 5.00 0.9800 3.056 0.930 0.0000e+00
ACC2R 4096 4 5.00 0.9800 3.056 0.960 0.0000e+00
ACC2R 4096 4 5.00 0.9800 3.056 0.980 0.0000e+00
ACC2R 4096 4 5.00 0.9800 3.056 1.000 0.0000e+00
ACC2R 4096 4 5.00 0.9800 3.994 0.900 0.0000e+00
ACC2R 4096 4 5.00 0.9800 3.994 0.930 0.0000e+00
ACC2R 4096 4 5.00 0.9800 3.994 0.960 0.0000e+00
ACC2R 4096 4 5.00 0.9800 3.994 0.980 0.0000e+00
ACC2R 4096 4 5.00 0.9800 3.994 1.000 0.0000e+00
ACC2R 4096 4 5.00 0.9800 6.074 0.900 0.0000e+00
ACC2R 4096 4 5.00 0.9800 6.074 0.930 0.0000e+00
ACC2R 4096 4 5.00 0.9800 6.074 0.960 0.0000e+00
ACC2R 4096 4 5.00 0.9800 6.074 0.980 0.0000e+00
ACC2R 4096 4 5.00 0.9800 6.074 1.000 0.0000e+00
ACC2R 4096 4 5.00 0.9800 7.963 0.900 0.0000e+00
ACC2R 4096 4 5.00 0.9800 7.963 0.930 0.0000e+00
ACC2R 4096 4 5.00 0.9800 7.963 0.960 0.0000e+00
ACC2R 4096 4 5.00 0.9800 7.963 0.980 0.0000e+00
ACC2R 4096 4 5.00 0.9800 7.963 1.000 0.0000e+00
ACC2R 4096 4 5.00 0.9800 15.851 0.900 0.0000e+00
ACC2R 4096 4 5.00 0.9800 15.851 0.930 0.0000e+00
ACC2R 4096 4 5.00 0.9800 15.851 0.960 0.0000e+00
ACC2R 4096 4 5.00 0.9800 15.851 0.980 0.0000e+00
ACC2R 4096 4 5.00 0.9800 15.851 1.000 1.3301e-04
ACC2R 4096 4 5.00 0.9800 31.403 0.900 0.0000e+00
ACC2R 4096 4 5.00 0.9800 31.403 0.930 0.0000e+00
ACC2R 4096 4 5.00 0.9800 31.403 0.960 0.0000e+00
ACC2R 4096 4 5.00 0.9800 31.403 0.980 6.5147e-05
ACC2R 4096 4 5.00 0.9800 31.403 1.000 1.1075e-03
ACC2R 4096 4 5.00 0.9950 1.009 0.900 1.9044e-01
ACC2R 4096 4 5.00 0.9950 1.009 0.930 2.4241e-01
ACC2R 4096 4 5.00 0.9950 1.009 0.960 2.9474e-01
ACC2R 4096 4 5.00 0.9950 1.009 0.980 3.3441e-01
ACC2R 4096 4 5.00 0.9950 1.009 1.000 3.7488e-01
ACC2R 4096 4 5.00 0.9950 1.494 0.900 1.0233e-01
ACC2R 4096 4 5.00 0.9950 1.494 0.930 1.4488e-01
ACC2R 4096 4 5.00 0.9950 1.494 0.960 1.9677e-01
ACC2R 4096 4 5.00 0.9950 1.494 0.980 2.3924e-01
ACC2R 4096 4 5.00 0.9950 1.494 1.000 2.8432e-01
ACC2R 4096 4 5.00 0.9950 1.970 0.900 2.1532e-04
ACC2R 4096 4 5.00 0.9950 1.970 0.930 4.3063e-04
ACC2R 4096 4 5.00 0.9950 1.970 0.960 1.7225e-03
ACC2R 4096 4 5.00 0.9950 1.970 0.980 3.3733e-03
ACC2R 4096 4 5.00 0.9950 1.970 1.000 6.7466e-03
ACC2R 4096 4 5.00 0.9950 3.056 0.900 0.0000e+00
ACC2R 4096 4 5.00 0.9950 3.056 0.930 0.0000e+00
ACC2R 4096 4 5.00 0.9950 3.056 0.960 0.0000e+00
ACC2R 4096 4 5.00 0.9950 3.056 0.980 0.0000e+00
ACC2R 4096 4 5.00 0.9950 3.056 1.000 0.0000e+00
ACC2R 4096 4 5.00 0.9950 3.994 0.900 0.0000e+00
ACC2R 4096 4 5.00 0.9950 3.994 0.930 0.0000e+00
ACC2R 4096 4 5.00 0.9950 3.994 0.960 0.0000e+00
ACC2R 4096 4 5.00 0.9950 3.994 0.980 0.0000e+00
ACC2R 4096 4 5.00 0.9950 3.994 1.000 0.0000e+00
ACC2R 4096 4 5.00 0.9950 6.074 0.900 0.0000e+00
ACC2R 4096 4 5.00 0.9950 6.074 0.930 0.0000e+00
ACC2R 4096 4 5.00 0.9950 6.074 0.960 0.0000e+00
ACC2R 4096 4 5.00 0.9950 6.074 0.980 0.0000e+00
ACC2R 4096 4 5.00 0.9950 6.074 1.000 0.0000e+00
ACC2R 4096 4 5.00 0.9950 7.963 0.900 0.0000e+00
ACC2R 4096 4 5.00 0.9950 7.963 0.930 0.0000e+00
ACC2R 4096 4 5.00 0.9950 7.963 0.960 0.0000e+00
ACC2R 4096 4 5.00 0.9950 7.963 0.980 0.0000e+00
ACC2R 4096 4 5.00 0.9950 7.963 1.000 0.0000e+00
ACC2R 4096 4 5.00 0.9950 15.851 0.900 0.0000e+00
ACC2R 4096 4 5.00 0.9950 15.851 0.930 0.0000e+00
ACC2R 4096 4 5.00 0.9950 15.851 0.960 0.0000e+00
ACC2R 4096 4 5.00 0.9950 15.851 0.980 0.0000e+00
ACC2R 4096 4 5.00 0.9950 15.851 1.000 0.0000e+00
ACC2R 4096 4 5.00 0.9950 31.403 0.900 0.0000e+00
ACC2R 4096 4 5.00 0.9950 31.403 0.930 0.0000e+00
ACC2R 4096 4 5.00 0.9950 31.403 0.960 0.0000e+00
ACC2R 4096 4 5.00 0.9950 31.403 0.980 2.0228e-04
ACC2R 4096 4 5.00 0.9950 31.403 1.000 3.8433e-03
ACC2R 4096 4 5.50 0.8000 1.009 0.900 3.0546e-03
ACC2R 4096 4 5.50 0.8000 1.009 0.930 1.0997e-02
ACC2R 4096 4 5.50 0.8000 1.009 0.960 2.3368e-02
ACC2R 4096 4 5.50 0.8000 1.009 0.980 3.5281e-02
ACC2R 4096 4 5.50 0.8000 1.009 1.000 5.1852e-02
ACC2R 4096 4 5.50 0.8000 1.494 0.900 6.8992e-04
ACC2R 4096 4 5.50 0.8000 1.494 0.930 2.3764e-03
ACC2R 4096 4 5.50 0.8000 1.494 0.960 7.2058e-03
ACC2R 4096 4 5.50 0.8000 1.494 0.980 1.2419e-02
ACC2R 4096 4 5.50 0.8000 1.494 1.000 1.9778e-02
ACC2R 4096 4 5.50 0.8000 1.970 0.900 0.0000e+00
ACC2R 4096 4 5.50 0.8000 1.970 0.930 0.0000e+00
ACC2R 4096 4 5.50 0.8000 1.970 0.960 0.0000e+00
ACC2R 4096 4 5.50 0.8000 1.970 0.980 0.0000e+00
ACC2R 4096 4 5.50 0.8000 1.970 1.000 0.0000e+00
ACC2R 4096 4 5.50 0.8000 3.056 0.900 0.0000e+00
ACC2R 4096 4 5.50 0.8000 3.056 0.930 0.0000e+00
ACC2R 4096 4 5.50 0.8000 3.056 0.960 0.0000e+00
ACC2R 4096 4 5.50 0.8000 3.056 0.980 0.0000e+00
ACC2R 4096 4 5.50 0.8000 3.056 1.000 0.0000e+00
ACC2R 4096 4 5.50 0.8000 3.994 0.900 0.0000e+00
ACC2R 4096 4 5.50 0.8000 3.994 0.930 0.0000e+00
ACC2R 4096 4 5.50 0.8000 3.994 0.960 0.0000e+00
ACC2R 4096 4 5.50 0.8000 3.994 0.980 0.0000e+00
ACC2R 4096 4 5.50 0.8000 3.994 1.000 0.0000e+00
ACC2R 4096 4 5.50 0.8000 6.074 0.900 0.0000e+00
ACC2R 4096 4 5.50 0.8000 6.074 0.930 0.0000e+00
ACC2R 4096 4 5.50 0.8000 6.074 0.960 0.0000e+00
ACC2R 4096 4 5.50 0.8000 6.074 0.980 0.0000e+00
ACC2R 4096 4 5.50 0.8000 6.074 1.000 0.0000e+00
ACC2R 4096 4 5.50 0.8000 7.963 0.900 0.0000e+00
ACC2R 4096 4 5.50 0.8000 7.963 0.930 0.0000e+00
ACC2R 4096 4 5.50 0.8000 7.963 0.960 7.3292e-05
ACC2R 4096 4 5.50 0.8000 7.963 0.980 7.3292e-05
ACC2R 4096 4 5.50 0.8000 7.963 1.000 1.4658e-04
ACC2R 4096 4 5.50 0.8000 15.851 0.900 0.0000e+00
ACC2R 4096 4 5.50 0.8000 15.851 0.930 0.0000e+00
ACC2R 4096 4 5.50 0.8000 15.851 0.960 2.8547e-04
ACC2R 4096 4 5.50 0.8000 15.851 0.980 3.5684e-04
ACC2R 4096 4 5.50 0.8000 15.851 1.000 4.9957e-04
ACC2R 4096 4 5.50 0.8000 31.403 0.900 0.0000e+00
ACC2R 4096 4 5.50 0.8000 31.403 0.930 0.0000e+00
ACC2R 4096 4 5.50 0.8000 31.403 0.960 6.9295e-05
ACC2R 4096 4 5.50 0.8000 31.403 0.980 1.3859e-04
ACC2R 4096 4 5.50 0.8000 31.403 1.000 5.5436e-04
ACC2R 4096 4 5.50 0.9000 1.009 0.900 6.0221e-02
ACC2R 4096 4 5.50 0.9000 1.009 0.930 9.0407e-02
ACC2R 4096 4 5.50 0.9000 1.009 0.960 1.2407e-01
ACC2R 4096 4 5.50 0.9000 1.009 0.980 1.4813e-01
ACC2R 4096 4 5.50 0.9000 1.009 1.000 1.7582e-01
ACC2R 4096 4 5.50 0.9000 1.494 0.900 1.8387e-02
ACC2R 4096 4 5.50 0.9000 1.494 0.930 3.1876e-02
ACC2R 4096 4 5.50 0.9000 1.494 0.960 5.0490e-02
ACC2R 4096 4 5.50 0.9000 1.494 0.980 6.8726e-02
ACC2R 4096 4 5.50 0.9000 1.494 1.000 8.9601e-02
ACC2R 4096 4 5.50 0.9000 1.970 0.900 0.0000e+00
ACC2R 4096 4 5.50 0.9000 1.970 0.930 3.7566e-04
ACC2R 4096 4 5.50 0.9000 1.970 0.960 8.2645e-04
ACC2R 4096 4 5.50 0.9000 1.970 0.980 1.5026e-03
ACC2R 4096 4 5.50 0.9000 1.970 1.000 2.7799e-03
ACC2R 4096 4 5.50 0.9000 3.056 0.900 0.0000e+00
ACC2R 4096 4 5.50 0.9000 3.056 0.930 0.0000e+00
ACC2R 4096 4 5.50 0.9000 3.056 0.960 0.0000e+00
ACC2R 4096 4 5.50 0.9000 3.056 0.980 0.0000e+00
ACC2R 4096 4 5.50 0.9000 3.056 1.000 0.0000e+00
ACC2R 4096 4 5.50 0.9000 3.994 0.900 0.0000e+00
ACC2R 4096 4 5.50 0.9000 3.994 0.930 0.0000e+00
ACC2R 4096 4 5.50 0.9000 3.994 0.960 0.0000e+00
ACC2R 4096 4 5.50 0.9000 3.994 0.980 0.0000e+00
ACC2R 4096 4 5.50 0.9000 3.994 1.000 0.0000e+00
ACC2R 4096 4 5.50 0.9000 6.074 0.900 0.0000e+00
ACC2R 4096 4 5.50 0.9000 6.074 0.930 0.0000e+00
ACC2R 4096 4 5.50 0.9000 6.074 0.960 0.0000e+00
ACC2R 4096 4 5.50 0.9000 6.074 0.980 0.0000e+00
ACC2R 4096 4 5.50 0.9000 6.074 1.000 0.0000e+00
ACC2R 4096 4 5.50 0.9000 7.963 0.900 0.0000e+00
ACC2R 4096 4 5.50 0.9000 7.963 0.930 0.0000e+00
ACC2R 4096 4 5.50 0.9000 7.963 0.960 0.0000e+00
ACC2R 4096 4 5.50 0.9000 7.963 0.980 0.0000e+00
ACC2R 4096 4 5.50 0.9000 7.963 1.000 7.1043e-05
ACC2R 4096 4 5.50 0.9000 15.851 0.900 0.0000e+00
ACC2R 4096 4 5.50 0.9000 15.851 0.930 0.0000e+00
ACC2R 4096 4 5.50 0.9000 15.851 0.960 0.0000e+00
ACC2R 4096 4 5.50 0.9000 15.851 0.980 0.0000e+00
ACC2R 4096 4 5.50 0.9000 15.851 1.000 0.0000e+00
ACC2R 4096 4 5.50 0.9000 31.403 0.900 0.0000e+00
ACC2R 4096 4 5.50 0.9000 31.403 0.930 6.6392e-05
ACC2R 4096 4 5.50 0.9000 31.403 0.960 6.6392e-05
ACC2R 4096 4 5.50 0.9000 31.403 0.980 6.6392e-05
ACC2R 4096 4 5.50 0.9000 31.403 1.000 5.3114e-04
ACC2R 4096 4 5.50 0.9500 1.009 0.900 1.1735e-01
ACC2R 4096 4 5.50 0.9500 1.009 0.930 1.5456e-01
ACC2R 4096 4 5.50 0.9500 1.009 0.960 1.9771e-01
ACC2R 4096 4 5.50 0.9500 1.009 0.980 2.2741e-01
ACC2R 4096 4 5.50 0.9500 1.009 1.000 2.5635e-01
ACC2R 4096 4 5.50 0.9500 1.494 0.900 4.2000e-02
ACC2R 4096 4 5.50 0.9500 1.494 0.930 6.6856e-02
ACC2R 4096 4 5.50 0.9500 1.494 0.960 9.9049e-02
ACC2R 4096 4 5.50 0.9500 1.494 0.980 1.2405e-01
ACC2R 4096 4 5.50 0.9500 1.494 1.000 1.5138e-01
ACC2R 4096 4 5.50 0.9500 1.970 0.900 2.9753e-04
ACC2R 4096 4 5.50 0.9500 1.970 0.930 8.9259e-04
ACC2R 4096 4 5.50 0.9500 1.970 0.960 1.9339e-03
ACC2R 4096 4 5.50 0.9500 1.970 0.980 3.4960e-03
ACC2R 4096 4 5.50 0.9500 1.970 1.000 5.5787e-03
ACC2R 4096 4 5.50 0.9500 3.056 0.900 0.0000e+00
ACC2R 4096 4 5.50 0.9500 3.056 0.930 0.0000e+00
ACC2R 4096 4 5.50 0.9500 3.056 0.960 0.0000e+00
ACC2R 4096 4 5.50 0.9500 3.056 0.980 0.0000e+00
ACC2R 4096 4 5.50 0.9500 3.056 1.000 0.0000e+00
ACC2R 4096 4 5.50 0.9500 3.994 0.900 0.0000e+00
ACC2R 4096 4 5.50 0.9500 3.994 0.930 0.0000e+00
ACC2R 4096 4 5.50 0.9500 3.994 0.960 0.0000e+00
ACC2R 4096 4 5.50 0.9500 3.994 0.980 0.0000e+00
ACC2R 4096 4 5.50 0.9500 3.994 1.000 0.0000e+00
ACC2R 4096 4 5.50 0.9500 6.074 0.900 0.0000e+00
ACC2R 4096 4 5.50 0.9500 6.074 0.930 0.0000e+00
ACC2R 4096 4 5.50 0.9500 6.074 0.960 0.0000e+00
ACC2R 4096 4 5.50 0.9500 6.074 0.980 0.0000e+00
ACC2R 4096 4 5.50 0.9500 6.074 1.000 0.0000e+00
ACC2R 4096 4 5.50 0.9500 7.963 0.900 0.0000e+00
ACC2R 4096 4 5.50 0.9500 7.963 0.930 0.0000e+00
ACC2R 4096 4 5.50 0.9500 7.963 0.960 0.0000e+00
ACC2R 4096 4 5.50 0.9500 7.963 0.980 0.0000e+00
ACC2R 4096 4 5.50 0.9500 7.963 1.000 0.0000e+00
ACC2R 4096 4 5.50 0.9500 15.851 0.900 0.0000e+00
ACC2R 4096 4 5.50 0.9500 15.851 0.930 0.0000e+00
ACC2R 4096 4 5.50 0.9500 15.851 0.960 0.0000e+00
ACC2R 4096 4 5.50 0.9500 15.851 0.980 1.3617e-04
ACC2R 4096 4 5.50 0.9500 15.851 1.000 3.4044e-04
ACC2R 4096 4 5.50 0.9500 31.403 0.900 0.0000e+00
ACC2R 4096 4 5.50 0.9500 31.403 0.930 0.0000e+00
ACC2R 4096 4 5.50 0.9500 31.403 0.960 0.0000e+00
ACC2R 4096 4 5.50 0.9500 31.403 0.980 0.0000e+00
ACC2R 4096 4 5.50 0.9500 31.403 1.000 4.6162e-04
ACC2R 4096 4 5.50 0.9800 1.009 0.900 1.7076e-01
ACC2R 4096 4 5.50 0.9800 1.009 0.930 2.1579e-01
ACC2R 4096 4 5.50 0.9800 1.009 0.960 2.6143e-01
ACC2R 4096 4 5.50 0.9800 1.009 0.980 2.9633e-01
ACC2R 4096 4 5.50 0.9800 1.009 1.000 3.3266e-01
ACC2R 4096 4 5.50 0.9800 1.494 0.900 7.8922e-02
ACC2R 4096 4 5.50 0.9800 1.494 0.930 1.1362e-01
ACC2R 4096 4 5.50 0.9800 1.494 0.960 1.5747e-01
ACC2R 4096 4 5.50 0.9800 1.494 0.980 1.9209e-01
ACC2R 4096 4 5.50 0.9800 1.494 1.000 2.3118e-01
ACC2R 4096 4 5.50 0.9800 1.970 0.900 5.1611e-04
ACC2R 4096 4 5.50 0.9800 1.970 0.930 1.1797e-03
ACC2R 4096 4 5.50 0.9800 1.970 0.960 3.1704e-03
ACC2R 4096 4 5.50 0.9800 1.970 0.980 5.6035e-03
ACC2R 4096 4 5.50 0.9800 1.970 1.000 9.5849e-03
ACC2R 4096 4 5.50 0.9800 3.056 0.900 0.0000e+00
ACC2R 4096 4 5.50 0.9800 3.056 0.930 0.0000e+00
ACC2R 4096 4 5.50 0.9800 3.056 0.960 0.0000e+00
ACC2R 4096 4 5.50 0.9800 3.056 0.980 0.0000e+00
ACC2R 4096 4 5.50 0.9800 3.056 1.000 0.0000e+00
ACC2R 4096 4 5.50 0.9800 3.994 0.900 0.0000e+00
ACC2R 4096 4 5.50 0.9800 3.994 0.930 0.0000e+00
ACC2R 4096 4 5.50 0.9800 3.994 0.960 0.0000e+00
ACC2R 4096 4 5.50 0.9800 3.994 0.980 0.0000e+00
ACC2R 4096 4 5.50 0.9800 3.994 1.000 0.0000e+00
ACC2R 4096 4 5.50 0.9800 6.074 0.900 0.0000e+00
ACC2R 4096 4 5.50 0.9800 6.074 0.930 0.0000e+00
ACC2R 4096 4 5.50 0.9800 6.074 0.960 0.0000e+00
ACC2R 4096 4 5.50 0.9800 6.074 0.980 0.0000e+00
ACC2R 4096 4 5.50 0.9800 6.074 1.000 0.0000e+00
ACC2R 4096 4 5.50 0.9800 7.963 0.900 0.0000e+00
ACC2R 4096 4 5.50 0.9800 7.963 0.930 0.0000e+00
ACC2R 4096 4 5.50 0.9800 7.963 0.960 0.0000e+00
ACC2R 4096 4 5.50 0.9800 7.963 0.980 0.0000e+00
ACC2R 4096 4 5.50 0.9800 7.963 1.000 0.0000e+00
ACC2R 4096 4 5.50 0.9800 15.851 0.900 0.0000e+00
ACC2R 4096 4 5.50 0.9800 15.851 0.930 0.0000e+00
ACC2R 4096 4 5.50 0.9800 15.851 0.960 0.0000e+00
ACC2R 4096 4 5.50 0.9800 15.851 0.980 0.0000e+00
ACC2R 4096 4 5.50 0.9800 15.851 1.000 1.3624e-04
ACC2R 4096 4 5.50 0.9800 31.403 0.900 0.0000e+00
ACC2R 4096 4 5.50 0.9800 31.403 0.930 0.0000e+00
ACC2R 4096 4 5.50 0.9800 31.403 0.960 0.0000e+00
ACC2R 4096 4 5.50 0.9800 31.403 0.980 6.6738e-05
ACC2R 4096 4 5.50 0.9800 31.403 1.000 8.6759e-04
ACC2R 4096 4 5.50 0.9950 1.009 0.900 2.1865e-01
ACC2R 4096 4 5.50 0.9950 1.009 0.930 2.6630e-01
ACC2R 4096 4 5.50 0.9950 1.009 0.960 3.2100e-01
ACC2R 4096 4 5.50 0.9950 1.009 0.980 3.6347e-01
ACC2R 4096 4 5.50 0.9950 1.009 1.000 4.0474e-01
ACC2R 4096 4 5.50 0.9950 1.494 0.900 1.1603e-01
ACC2R 4096 4 5.50 0.9950 1.494 0.930 1.6294e-01
ACC2R 4096 4 5.50 0.9950 1.494 0.960 2.2066e-01
ACC2R 4096 4 5.50 0.9950 1.494 0.980 2.6558e-01
ACC2R 4096 4 5.50 0.9950 1.494 1.000 3.0953e-01
ACC2R 4096 4 5.50 0.9950 1.970 0.900 5.1448e-04
ACC2R 4096 4 5.50 0.9950 1.970 0.930 1.3229e-03
ACC2R 4096 4 5.50 0.9950 1.970 0.960 3.8218e-03
ACC2R 4096 4 5.50 0.9950 1.970 0.980 7.3497e-03
ACC2R 4096 4 5.50 0.9950 1.970 1.000 1.1245e-02
ACC2R 4096 4 5.50 0.9950 3.056 0.900 0.0000e+00
ACC2R 4096 4 5.50 0.9950 3.056 0.930 0.0000e+00
ACC2R 4096 4 5.50 0.9950 3.056 0.960 0.0000e+00
ACC2R 4096 4 5.50 0.9950 3.056 0.980 0.0000e+00
ACC2R 4096 4 5.50 0.9950 3.056 1.000 0.0000e+00
ACC2R 4096 4 5.50 0.9950 3.994 0.900 0.0000e+00
ACC2R 4096 4 5.50 0.9950 3.994 0.930 0.0000e+00
ACC2R 4096 4 5.50 0.9950 3.994 0.960 0.0000e+00
ACC2R 4096 4 5.50 0.9950 3.994 0.980 0.0000e+00
ACC2R 4096 4 5.50 0.9950 3.994 1.000 0.0000e+00
ACC2R 4096 4 5.50 0.9950 6.074 0.900 0.0000e+00
ACC2R 4096 4 5.50 0.9950 6.074 0.930 0.0000e+00
ACC2R 4096 4 5.50 0.9950 6.074 0.960 0.0000e+00
ACC2R 4096 4 5.50 0.9950 6.074 0.980 0.0000e+00
ACC2R 4096 4 5.50 0.9950 6.074 1.000 0.0000e+00
ACC2R 4096 4 5.50 0.9950 7.963 0.900 0.0000e+00
ACC2R 4096 4 5.50 0.9950 7.963 0.930 0.0000e+00
ACC2R 4096 4 5.50 0.9950 7.963 0.960 0.0000e+00
ACC2R 4096 4 5.50 0.9950 7.963 0.980 0.0000e+00
ACC2R 4096 4 5.50 0.9950 7.963 1.000 0.0000e+00
ACC2R 4096 4 5.50 0.9950 15.851 0.900 0.0000e+00
ACC2R 4096 4 5.50 0.9950 15.851 0.930 0.0000e+00
ACC2R 4096 4 5.50 0.9950 15.851 0.960 0.0000e+00
ACC2R 4096 4 5.50 0.9950 15.851 0.980 0.0000e+00
ACC2R 4096 4 5.50 0.9950 15.851 1.000 0.0000e+00
ACC2R 4096 4 5.50 0.9950 31.403 0.900 0.0000e+00
ACC2R 4096 4 5.50 0.9950 31.403 0.930 0.0000e+00
ACC2R 4096 4 5.50 0.9950 31.403 0.960 0.0000e+00
ACC2R 4096 4 5.50 0.9950 31.403 0.980 0.0000e+00
ACC2R 4096 4 5.50 0.9950 31.403 1.000 2.7493e-03
ACC2R 4096 4 6.00 0.8000 1.009 0.900 2.5738e-02
ACC2R 4096 4 6.00 0.8000 1.009 0.930 4.4597e-02
ACC2R 4096 4 6.00 0.8000 1.009 0.960 7.0026e-02
ACC2R 4096 4 6.00 0.8000 1.009 0.980 8.8344e-02
ACC2R 4096 4 6.00 0.8000 1.009 1.000 1.0883e-01
ACC2R 4096 4 6.00 0.8000 1.494 0.900 5.9644e-03
ACC2R 4096 4 6.00 0.8000 1.494 0.930 1.2858e-02
ACC2R 4096 4 6.00 0.8000 1.494 0.960 2.3393e-02
ACC2R 4096 4 6.00 0.8000 1.494 0.980 3.3075e-02
ACC2R 4096 4 6.00 0.8000 1.494 1.000 4.4771e-02
ACC2R 4096 4 6.00 0.8000 1.970 0.900 0.0000e+00
ACC2R 4096 4 6.00 0.8000 1.970 0.930 0.0000e+00
ACC2R 4096 4 6.00 0.8000 1.970 0.960 1.5410e-04
ACC2R 4096 4 6.00 0.8000 1.970 0.980 7.7048e-04
ACC2R 4096 4 6.00 0.8000 1.970 1.000 1.3098e-03
ACC2R 4096 4 6.00 0.8000 3.056 0.900 0.0000e+00
ACC2R 4096 4 6.00 0.8000 3.056 0.930 0.0000e+00
ACC2R 4096 4 6.00 0.8000 3.056 0.960 0.0000e+00
ACC2R 4096 4 6.00 0.8000 3.056 0.980 0.0000e+00
ACC2R 4096 4 6.00 0.8000 3.056 1.000 0.0000e+00
ACC2R 4096 4 6.00 0.8000 3.994 0.900 0.0000e+00
ACC2R 4096 4 6.00 0.8000 3.994 0.930 0.0000e+00
ACC2R 4096 4 6.00 0.8000 3.994 0.960 0.0000e+00
ACC2R 4096 4 6.00 0.8000 3.994 0.980 0.0000e+00
ACC2R 4096 4 6.00 0.8000 3.994 1.000 0.0000e+00
ACC2R 4096 4 6.00 0.8000 6.074 0.900 0.0000e+00
ACC2R 4096 4 6.00 0.8000 6.074 0.930 0.0000e+00
ACC2R 4096 4 6.00 0.8000 6.074 0.960 0.0000e+00
ACC2R 4096 4 6.00 0.8000 6.074 0.980 1.5142e-04
ACC2R 4096 4 6.00 0.8000 6.074 1.000 2.2714e-04
ACC2R 4096 4 6.00 0.8000 7.963 0.900 0.0000e+00
ACC2R 4096 4 6.00 0.8000 7.963 0.930 0.0000e+00
ACC2R 4096 4 6.00 0.8000 7.963 0.960 7.5086e-05
ACC2R 4096 4 6.00 0.8000 7.963 0.980 1.5017e-04
ACC2R 4096 4 6.00 0.8000 7.963 1.000 3.0035e-04
ACC2R 4096 4 6.00 0.8000 15.851 0.900 0.0000e+00
ACC2R 4096 4 6.00 0.8000 15.851 0.930 0.0000e+00
ACC2R 4096 4 6.00 0.8000 15.851 0.960 1.4709e-04
ACC2R 4096 4 6.00 0.8000 15.851 0.980 3.6773e-04
ACC2R 4096 4 6.00 0.8000 15.851 1.000 6.6191e-04
ACC2R 4096 4 6.00 0.8000 31.403 0.900 0.0000e+00
ACC2R 4096 4 6.00 0.8000 31.403 0.930 0.0000e+00
ACC2R 4096 4 6.00 0.8000 31.403 0.960 7.1829e-05
ACC2R 4096 4 6.00 0.8000 31.403 0.980 1.4366e-04
ACC2R 4096 4 6.00 0.8000 31.403 1.000 6.4646e-04
ACC2R 4096 4 6.00 0.9000 1.009 0.900 9.4840e-02
ACC2R 4096 4 6.00 0.9000 1.009 0.930 1.2681e-01
ACC2R 4096 4 6.00 0.9000 1.009 0.960 1.6254e-01
ACC2R 4096 4 6.00 0.9000 1.009 0.980 1.8761e-01
ACC2R 4096 4 6.00 0.9000 1.009 1.000 2.1590e-01
ACC2R 4096 4 6.00 0.9000 1.494 0.900 2.8956e-02
ACC2R 4096 4 6.00 0.9000 1.494 0.930 4.5305e-02
ACC2R 4096 4 6.00 0.9000 1.494 0.960 7.0976e-02
ACC2R 4096 4 6.00 0.9000 1.494 0.980 9.1069e-02
ACC2R 4096 4 6.00 0.9000 1.494 1.000 1.1284e-01
ACC2R 4096 4 6.00 0.9000 1.970 0.900 1.5237e-04
ACC2R 4096 4 6.00 0.9000 1.970 0.930 9.9040e-04
ACC2R 4096 4 6.00 0.9000 1.970 0.960 1.9808e-03
ACC2R 4096 4 6.00 0.9000 1.970 0.980 3.3521e-03
ACC2R 4096 4 6.00 0.9000 1.970 1.000 5.5615e-03
ACC2R 4096 4 6.00 0.9000 3.056 0.900 0.0000e+00
ACC2R 4096 4 6.00 0.9000 3.056 0.930 0.0000e+00
ACC2R 4096 4 6.00 0.9000 3.056 0.960 0.0000e+00
ACC2R 4096 4 6.00 0.9000 3.056 0.980 0.0000e+00
ACC2R 4096 4 6.00 0.9000 3.056 1.000 0.0000e+00
ACC2R 4096 4 6.00 0.9000 3.994 0.900 0.0000e+00
ACC2R 4096 4 6.00 0.9000 3.994 0.930 0.0000e+00
ACC2R 4096 4 6.00 0.9000 3.994 0.960 0.0000e+00
ACC2R 4096 4 6.00 0.9000 3.994 0.980 0.0000e+00
ACC2R 4096 4 6.00 0.9000 3.994 1.000 0.0000e+00
ACC2R 4096 4 6.00 0.9000 6.074 0.900 0.0000e+00
ACC2R 4096 4 6.00 0.9000 6.074 0.930 0.0000e+00
ACC2R 4096 4 6.00 0.9000 6.074 0.960 0.0000e+00
ACC2R 4096 4 6.00 0.9000 6.074 0.980 0.0000e+00
ACC2R 4096 4 6.00 0.9000 6.074 1.000 0.0000e+00
ACC2R 4096 4 6.00 0.9000 7.963 0.900 0.0000e+00
ACC2R 4096 4 6.00 0.9000 7.963 0.930 0.0000e+00
ACC2R 4096 4 6.00 0.9000 7.963 0.960 0.0000e+00
ACC2R 4096 4 6.00 0.9000 7.963 0.980 0.0000e+00
ACC2R 4096 4 6.00 0.9000 7.963 1.000 0.0000e+00
ACC2R 4096 4 6.00 0.9000 15.851 0.900 0.0000e+00
ACC2R 4096 4 6.00 0.9000 15.851 0.930 0.0000e+00
ACC2R 4096 4 6.00 0.9000 15.851 0.960 0.0000e+00
ACC2R 4096 4 6.00 0.9000 15.851 0.980 0.0000e+00
ACC2R 4096 4 6.00 0.9000 15.851 1.000 0.0000e+00
ACC2R 4096 4 6.00 0.9000 31.403 0.900 0.0000e+00
ACC2R 4096 4 6.00 0.9000 31.403 0.930 6.8691e-05
ACC2R 4096 4 6.00 0.9000 31.403 0.960 6.8691e-05
ACC2R 4096 4 6.00 0.9000 31.403 0.980 6.8691e-05
ACC2R 4096 4 6.00 0.9000 31.403 1.000 5.4953e-04
ACC2R 4096 4 6.00 0.9500 1.009 0.900 1.4434e-01
ACC2R 4096 4 6.00 0.9500 1.009 0.930 1.8410e-01
ACC2R 4096 4 6.00 0.9500 1.009 0.960 2.2629e-01
ACC2R 4096 4 6.00 0.9500 1.009 0.980 2.5364e-01
ACC2R 4096 4 6.00 0.9500 1.009 1.000 2.8700e-01
ACC2R 4096 4 6.00 0.9500 1.494 0.900 5.4019e-02
ACC2R 4096 4 6.00 0.9500 1.494 0.930 8.3794e-02
ACC2R 4096 4 6.00 0.9500 1.494 0.960 1.1774e-01
ACC2R 4096 4 6.00 0.9500 1.494 0.980 1.4653e-01
ACC2R 4096 4 6.00 0.9500 1.494 1.000 1.7963e-01
ACC2R 4096 4 6.00 0.9500 1.970 0.900 6.7940e-04
ACC2R 4096 4 6.00 0.9500 1.970 0.930 1.4343e-03
ACC2R 4096 4 6.00 0.9500 1.970 0.960 3.5480e-03
ACC2R 4096 4 6.00 0.9500 1.970 0.980 5.8126e-03
ACC2R 4096 4 6.00 0.9500 1.970 1.000 8.7567e-03
ACC2R 4096 4 6.00 0.9500 3.056 0.900 0.0000e+00
ACC2R 4096 4 6.00 0.9500 3.056 0.930 0.0000e+00
ACC2R 4096 4 6.00 0.9500 3.056 0.960 0.0000e+00
ACC2R 4096 4 6.00 0.9500 3.056 0.980 0.0000e+00
ACC2R 4096 4 6.00 0.9500 3.056 1.000 0.0000e+00
ACC2R 4096 4 6.00 0.9500 3.994 0.900 0.0000e+00
ACC2R 4096 4 6.00 0.9500 3.994 0.930 0.0000e+00
ACC2R 4096 4 6.00 0.9500 3.994 0.960 0.0000e+00
ACC2R 4096 4 6.00 0.9500 3.994 0.980 0.0000e+00
ACC2R 4096 4 6.00 0.9500 3.994 1.000 0.0000e+00
ACC2R 4096 4 6.00 0.9500 6.074 0.900 0.0000e+00
ACC2R 4096 4 6.00 0.9500 6.074 0.930 0.0000e+00
ACC2R 4096 4 6.00 0.9500 6.074 0.960 0.0000e+00
ACC2R 4096 4 6.00 0.9500 6.074 0.980 0.0000e+00
ACC2R 4096 4 6.00 0.9500 6.074 1.000 0.0000e+00
ACC2R 4096 4 6.00 0.9500 7.963 0.900 0.0000e+00
ACC2R 4096 4 6.00 0.9500 7.963 0.930 0.0000e+00
ACC2R 4096 4 6.00 0.9500 7.963 0.960 0.0000e+00
ACC2R 4096 4 6.00 0.9500 7.963 0.980 0.0000e+00
ACC2R 4096 4 6.00 0.9500 7.963 1.000 0.0000e+00
ACC2R 4096 4 6.00 0.9500 15.851 0.900 0.0000e+00
ACC2R 4096 4 6.00 0.9500 15.851 0.930 0.0000e+00
ACC2R 4096 4 6.00 0.9500 15.851 0.960 0.0000e+00
ACC2R 4096 4 6.00 0.9500 15.851 0.980 1.3945e-04
ACC2R 4096 4 6.00 0.9500 15.851 1.000 3.4863e-04
ACC2R 4096 4 6.00 0.9500 31.403 0.900 0.0000e+00
ACC2R 4096 4 6.00 0.9500 31.403 0.930 0.0000e+00
ACC2R 4096 4 6.00 0.9500 31.403 0.960 0.0000e+00
ACC2R 4096 4 6.00 0.9500 31.403 0.980 0.0000e+00
ACC2R 4096 4 6.00 0.9500 31.403 1.000 2.7047e-04
ACC2R 4096 4 6.00 0.9800 1.009 0.900 1.9341e-01
ACC2R 4096 4 6.00 0.9800 1.009 0.930 2.3556e-01
ACC2R 4096 4 6.00 0.9800 1.009 0.960 2.8433e-01
ACC2R 4096 4 6.00 0.9800 1.009 0.980 3.2162e-01
ACC2R 4096 4 6.00 0.9800 1.009 1.000 3.6171e-01
ACC2R 4096 4 6.00 0.9800 1.494 0.900 9.0114e-02
ACC2R 4096 4 6.00 0.9800 1.494 0.930 1.2767e-01
ACC2R 4096 4 6.00 0.9800 1.494 0.960 1.7676e-01
ACC2R 4096 4 6.00 0.9800 1.494 0.980 2.1559e-01
ACC2R 4096 4 6.00 0.9800 1.494 1.000 2.5662e-01
ACC2R 4096 4 6.00 0.9800 1.970 0.900 5.9961e-04
ACC2R 4096 4 6.00 0.9800 1.970 0.930 1.7239e-03
ACC2R 4096 4 6.00 0.9800 1.970 0.960 4.7969e-03
ACC2R 4096 4 6.00 0.9800 1.970 0.980 7.9448e-03
ACC2R 4096 4 6.00 0.9800 1.970 1.000 1.2817e-02
ACC2R 4096 4 6.00 0.9800 3.056 0.900 0.0000e+00
ACC2R 4096 4 6.00 0.9800 3.056 0.930 0.0000e+00
ACC2R 4096 4 6.00 0.9800 3.056 0.960 0.0000e+00
ACC2R 4096 4 6.00 0.9800 3.056 0.980 0.0000e+00
ACC2R 4096 4 6.00 0.9800 3.056 1.000 0.0000e+00
ACC2R 4096 4 6.00 0.9800 3.994 0.900 0.0000e+00
ACC2R 4096 4 6.00 0.9800 3.994 0.930 0.0000e+00
ACC2R 4096 4 6.00 0.9800 3.994 0.960 0.0000e+00
ACC2R 4096 4 6.00 0.9800 3.994 0.980 0.0000e+00
ACC2R 4096 4 6.00 0.9800 3.994 1.000 0.0000e+00
ACC2R 4096 4 6.00 0.9800 6.074 0.900 0.0000e+00
ACC2R 4096 4 6.00 0.9800 6.074 0.930 0.0000e+00
ACC2R 4096 4 6.00 0.9800 6.074 0.960 0.0000e+00
ACC2R 4096 4 6.00 0.9800 6.074 0.980 0.0000e+00
ACC2R 4096 4 6.00 0.9800 6.074 1.000 0.0000e+00
ACC2R 4096 4 6.00 0.9800 7.963 0.900 0.0000e+00
ACC2R 4096 4 6.00 0.9800 7.963 0.930 0.0000e+00
ACC2R 4096 4 6.00 0.9800 7.963 0.960 0.0000e+00
ACC2R 4096 4 6.00 0.9800 7.963 0.980 0.0000e+00
ACC2R 4096 4 6.00 0.9800 7.963 1.000 0.0000e+00
ACC2R 4096 4 6.00 0.9800 15.851 0.900 0.0000e+00
ACC2R 4096 4 6.00 0.9800 15.851 0.930 0.0000e+00
ACC2R 4096 4 6.00 0.9800 15.851 0.960 0.0000e+00
ACC2R 4096 4 6.00 0.9800 15.851 0.980 0.0000e+00
ACC2R 4096 4 6.00 0.9800 15.851 1.000 1.3900e-04
ACC2R 4096 4 6.00 0.9800 31.403 0.900 0.0000e+00
ACC2R 4096 4 6.00 0.9800 31.403 0.930 0.0000e+00
ACC2R 4096 4 6.00 0.9800 31.403 0.960 0.0000e+00
ACC2R 4096 4 6.00 0.9800 31.403 0.980 1.3592e-04
ACC2R 4096 4 6.00 0.9800 31.403 1.000 1.0194e-03
ACC2R 4096 4 6.00 0.9950 1.009 0.900 2.3206e-01
ACC2R 4096 4 6.00 0.9950 1.009 0.930 2.8095e-01
ACC2R 4096 4 6.00 0.9950 1.009 0.960 3.4025e-01
ACC2R 4096 4 6.00 0.9950 1.009 0.980 3.8352e-01
ACC2R 4096 4 6.00 0.9950 1.009 1.000 4.2511e-01
ACC2R 4096 4 6.00 0.9950 1.494 0.900 1.2375e-01
ACC2R 4096 4 6.00 0.9950 1.494 0.930 1.7504e-01
ACC2R 4096 4 6.00 0.9950 1.494 0.960 2.3707e-01
ACC2R 4096 4 6.00 0.9950 1.494 0.980 2.8250e-01
ACC2R 4096 4 6.00 0.9950 1.494 1.000 3.3161e-01
ACC2R 4096 4 6.00 0.9950 1.970 0.900 5.9657e-04
ACC2R 4096 4 6.00 0.9950 1.970 0.930 2.3117e-03
ACC2R 4096 4 6.00 0.9950 1.970 0.960 5.8911e-03
ACC2R 4096 4 6.00 0.9950 1.970 0.980 9.9180e-03
ACC2R 4096 4 6.00 0.9950 1.970 1.000 1.6107e-02
ACC2R 4096 4 6.00 0.9950 3.056 0.900 0.0000e+00
ACC2R 4096 4 6.00 0.9950 3.056 0.930 0.0000e+00
ACC2R 4096 4 6.00 0.9950 3.056 0.960 0.0000e+00
ACC2R 4096 4 6.00 0.9950 3.056 0.980 0.0000e+00
ACC2R 4096 4 6.00 0.9950 3.056 1.000 0.0000e+00
ACC2R 4096 4 6.00 0.9950 3.994 0.900 0.0000e+00
ACC2R 4096 4 6.00 0.9950 3.994 0.930 0.0000e+00
ACC2R 4096 4 6.00 0.9950 3.994 0.960 0.0000e+00
ACC2R 4096 4 6.00 0.9950 3.994 0.980 0.0000e+00
ACC2R 4096 4 6.00 0.9950 3.994 1.000 0.0000e+00
ACC2R 4096 4 6.00 0.9950 6.074 0.900 0.0000e+00
ACC2R 4096 4 6.00 0.9950 6.074 0.930 0.0000e+00
ACC2R 4096 4 6.00 0.9950 6.074 0.960 0.0000e+00
ACC2R 4096 4 6.00 0.9950 6.074 0.980 0.0000e+00
ACC2R 4096 4 6.00 0.9950 6.074 1.000 0.0000e+00
ACC2R 4096 4 6.00 0.9950 7.963 0.900 0.0000e+00
ACC2R 4096 4 6.00 0.9950 7.963 0.930 0.0000e+00
ACC2R 4096 4 6.00 0.9950 7.963 0.960 0.0000e+00
ACC2R 4096 4 6.00 0.9950 7.963 0.980 0.0000e+00
ACC2R 4096 4 6.00 0.9950 7.963 1.000 0.0000e+00
ACC2R 4096 4 6.00 0.9950 15.851 0.900 0.0000e+00
ACC2R 4096 4 6.00 0.9950 15.851 0.930 0.0000e+00
ACC2R 4096 4 6.00 0.9950 15.851 0.960 0.0000e+00
ACC2R 4096 4 6.00 0.9950 15.851 0.980 0.0000e+00
ACC2R 4096 4 6.00 0.9950 15.851 1.000 0.0000e+00
ACC2R 4096 4 6.00 0.9950 31.403 0.900 0.0000e+00
ACC2R 4096 4 6.00 0.9950 31.403 0.930 0.0000e+00
ACC2R 4096 4 6.00 0.9950 31.403 0.960 0.0000e+00
ACC2R 4096 4 6.00 0.9950 31.403 0.980 0.0000e+00
ACC2R 4096 4 6.00 0.9950 31.403 1.000 1.8145e-03
ACC2R 4096 4 6.50 0.8000 1.009 0.900 5.2525e-02
ACC2R 4096 4 6.50 0.8000 1.009 0.930 7.5281e-02
ACC2R 4096 4 6.50 0.8000 1.009 0.960 1.0560e-01
ACC2R 4096 4 6.50 0.8000 1.009 0.980 1.2508e-01
ACC2R 4096 4 6.50 0.8000 1.009 1.000 1.4729e-01
ACC2R 4096 4 6.50 0.8000 1.494 0.900 1.2968e-02
ACC2R 4096 4 6.50 0.8000 1.494 0.930 2.2733e-02
ACC2R 4096 4 6.50 0.8000 1.494 0.960 3.6403e-02
ACC2R 4096 4 6.50 0.8000 1.494 0.980 4.8668e-02
ACC2R 4096 4 6.50 0.8000 1.494 1.000 6.2808e-02
ACC2R 4096 4 6.50 0.8000 1.970 0.900 7.7634e-05
ACC2R 4096 4 6.50 0.8000 1.970 0.930 2.3290e-04
ACC2R 4096 4 6.50 0.8000 1.970 0.960 8.5397e-04
ACC2R 4096 4 6.50 0.8000 1.970 0.980 2.0185e-03
ACC2R 4096 4 6.50 0.8000 1.970 1.000 3.4159e-03
ACC2R 4096 4 6.50 0.8000 3.056 0.900 0.0000e+00
ACC2R 4096 4 6.50 0.8000 3.056 0.930 0.0000e+00
ACC2R 4096 4 6.50 0.8000 3.056 0.960 0.0000e+00
ACC2R 4096 4 6.50 0.8000 3.056 0.980 0.0000e+00
ACC2R 4096 4 6.50 0.8000 3.056 1.000 0.0000e+00
ACC2R 4096 4 6.50 0.8000 3.994 0.900 0.0000e+00
ACC2R 4096 4 6.50 0.8000 3.994 0.930 0.0000e+00
ACC2R 4096 4 6.50 0.8000 3.994 0.960 0.0000e+00
ACC2R 4096 4 6.50 0.8000 3.994 0.980 0.0000e+00
ACC2R 4096 4 6.50 0.8000 3.994 1.000 7.7441e-05
ACC2R 4096 4 6.50 0.8000 6.074 0.900 0.0000e+00
ACC2R 4096 4 6.50 0.8000 6.074 0.930 0.0000e+00
ACC2R 4096 4 6.50 0.8000 6.074 0.960 0.0000e+00
ACC2R 4096 4 6.50 0.8000 6.074 0.980 1.5382e-04
ACC2R 4096 4 6.50 0.8000 6.074 1.000 2.3073e-04
ACC2R 4096 4 6.50 0.8000 7.963 0.900 0.0000e+00
ACC2R 4096 4 6.50 0.8000 7.963 0.930 7.6429e-05
ACC2R 4096 4 6.50 0.8000 7.963 0.960 7.6429e-05
ACC2R 4096 4 6.50 0.8000 7.963 0.980 1.5286e-04
ACC2R 4096 4 6.50 0.8000 7.963 1.000 3.0572e-04
ACC2R 4096 4 6.50 0.8000 15.851 0.900 0.0000e+00
ACC2R 4096 4 6.50 0.8000 15.851 0.930 0.0000e+00
ACC2R 4096 4 6.50 0.8000 15.851 0.960 7.5284e-05
ACC2R 4096 4 6.50 0.8000 15.851 0.980 3.7642e-04
ACC2R 4096 4 6.50 0.8000 15.851 1.000 7.5284e-04
ACC2R 4096 4 6.50 0.8000 31.403 0.900 0.0000e+00
ACC2R 4096 4 6.50 0.8000 31.403 0.930 0.0000e+00
ACC2R 4096 4 6.50 0.8000 31.403 0.960 7.3833e-05
ACC2R 4096 4 6.50 0.8000 31.403 0.980 2.9533e-04
ACC2R 4096 4 6.50 0.8000 31.403 1.000 6.6450e-04
ACC2R 4096 4 6.50 0.9000 1.009 0.900 1.1721e-01
ACC2R 4096 4 6.50 0.9000 1.009 0.930 1.5349e-01
ACC2R 4096 4 6.50 0.9000 1.009 0.960 1.9078e-01
ACC2R 4096 4 6.50 0.9000 1.009 0.980 2.1685e-01
ACC2R 4096 4 6.50 0.9000 1.009 1.000 2.4462e-01
ACC2R 4096 4 6.50 0.9000 1.494 0.900 3.7300e-02
ACC2R 4096 4 6.50 0.9000 1.494 0.930 5.8261e-02
ACC2R 4096 4 6.50 0.9000 1.494 0.960 8.7392e-02
ACC2R 4096 4 6.50 0.9000 1.494 0.980 1.0781e-01
ACC2R 4096 4 6.50 0.9000 1.494 1.000 1.3386e-01
ACC2R 4096 4 6.50 0.9000 1.970 0.900 3.0821e-04
ACC2R 4096 4 6.50 0.9000 1.970 0.930 1.3870e-03
ACC2R 4096 4 6.50 0.9000 1.970 0.960 2.9280e-03
ACC2R 4096 4 6.50 0.9000 1.970 0.980 5.2396e-03
ACC2R 4096 4 6.50 0.9000 1.970 1.000 8.3218e-03
ACC2R 4096 4 6.50 0.9000 3.056 0.900 0.0000e+00
ACC2R 4096 4 6.50 0.9000 3.056 0.930 0.0000e+00
ACC2R 4096 4 6.50 0.9000 3.056 0.960 0.0000e+00
ACC2R 4096 4 6.50 0.9000 3.056 0.980 0.0000e+00
ACC2R 4096 4 6.50 0.9000 3.056 1.000 0.0000e+00
ACC2R 4096 4 6.50 0.9000 3.994 0.900 0.0000e+00
ACC2R 4096 4 6.50 0.9000 3.994 0.930 0.0000e+00
ACC2R 4096 4 6.50 0.9000 3.994 0.960 0.0000e+00
ACC2R 4096 4 6.50 0.9000 3.994 0.980 0.0000e+00
ACC2R 4096 4 6.50 0.9000 3.994 1.000 0.0000e+00
ACC2R 4096 4 6.50 0.9000 6.074 0.900 0.0000e+00
ACC2R 4096 4 6.50 0.9000 6.074 0.930 0.0000e+00
ACC2R 4096 4 6.50 0.9000 6.074 0.960 0.0000e+00
ACC2R 4096 4 6.50 0.9000 6.074 0.980 0.0000e+00
ACC2R 4096 4 6.50 0.9000 6.074 1.000 0.0000e+00
ACC2R 4096 4 6.50 0.9000 7.963 0.900 0.0000e+00
ACC2R 4096 4 6.50 0.9000 7.963 0.930 0.0000e+00
ACC2R 4096 4 6.50 0.9000 7.963 0.960 0.0000e+00
ACC2R 4096 4 6.50 0.9000 7.963 0.980 0.0000e+00
ACC2R 4096 4 6.50 0.9000 7.963 1.000 0.0000e+00
ACC2R 4096 4 6.50 0.9000 15.851 0.900 0.0000e+00
ACC2R 4096 4 6.50 0.9000 15.851 0.930 0.0000e+00
ACC2R 4096 4 6.50 0.9000 15.851 0.960 0.0000e+00
ACC2R 4096 4 6.50 0.9000 15.851 0.980 0.0000e+00
ACC2R 4096 4 6.50 0.9000 15.851 1.000 7.2627e-05
ACC2R 4096 4 6.50 0.9000 31.403 0.900 0.0000e+00
ACC2R 4096 4 6.50 0.9000 31.403 0.930 0.0000e+00
ACC2R 4096 4 6.50 0.9000 31.403 0.960 7.0567e-05
ACC2R 4096 4 6.50 0.9000 31.403 0.980 7.0567e-05
ACC2R 4096 4 6.50 0.9000 31.403 1.000 5.6453e-04
ACC2R 4096 4 6.50 0.9500 1.009 0.900 1.6638e-01
ACC2R 4096 4 6.50 0.9500 1.009 0.930 2.0571e-01
ACC2R 4096 4 6.50 0.9500 1.009 0.960 2.4742e-01
ACC2R 4096 4 6.50 0.9500 1.009 0.980 2.7736e-01
ACC2R 4096 4 6.50 0.9500 1.009 1.000 3.1561e-01
ACC2R 4096 4 6.50 0.9500 1.494 0.900 6.6278e-02
ACC2R 4096 4 6.50 0.9500 1.494 0.930 9.5088e-02
ACC2R 4096 4 6.50 0.9500 1.494 0.960 1.3501e-01
ACC2R 4096 4 6.50 0.9500 1.494 0.980 1.6658e-01
ACC2R 4096 4 6.50 0.9500 1.494 1.000 2.0351e-01
ACC2R 4096 4 6.50 0.9500 1.970 0.900 9.1526e-04
ACC2R 4096 4 6.50 0.9500 1.970 0.930 2.1356e-03
ACC2R 4096 4 6.50 0.9500 1.970 0.960 4.6526e-03
ACC2R 4096 4 6.50 0.9500 1.970 0.980 7.8560e-03
ACC2R 4096 4 6.50 0.9500 1.970 1.000 1.2203e-02
ACC2R 4096 4 6.50 0.9500 3.056 0.900 0.0000e+00
ACC2R 4096 4 6.50 0.9500 3.056 0.930 0.0000e+00
ACC2R 4096 4 6.50 0.9500 3.056 0.960 0.0000e+00
ACC2R 4096 4 6.50 0.9500 3.056 0.980 0.0000e+00
ACC2R 4096 4 6.50 0.9500 3.056 1.000 0.0000e+00
ACC2R 4096 4 6.50 0.9500 3.994 0.900 0.0000e+00
ACC2R 4096 4 6.50 0.9500 3.994 0.930 0.0000e+00
ACC2R 4096 4 6.50 0.9500 3.994 0.960 0.0000e+00
ACC2R 4096 4 6.50 0.9500 3.994 0.980 0.0000e+00
ACC2R 4096 4 6.50 0.9500 3.994 1.000 0.0000e+00
ACC2R 4096 4 6.50 0.9500 6.074 0.900 0.0000e+00
ACC2R 4096 4 6.50 0.9500 6.074 0.930 0.0000e+00
ACC2R 4096 4 6.50 0.9500 6.074 0.960 0.0000e+00
ACC2R 4096 4 6.50 0.9500 6.074 0.980 0.0000e+00
ACC2R 4096 4 6.50 0.9500 6.074 1.000 0.0000e+00
ACC2R 4096 4 6.50 0.9500 7.963 0.900 0.0000e+00
ACC2R 4096 4 6.50 0.9500 7.963 0.930 0.0000e+00
ACC2R 4096 4 6.50 0.9500 7.963 0.960 0.0000e+00
ACC2R 4096 4 6.50 0.9500 7.963 0.980 0.0000e+00
ACC2R 4096 4 6.50 0.9500 7.963 1.000 0.0000e+00
ACC2R 4096 4 6.50 0.9500 15.851 0.900 0.0000e+00
ACC2R 4096 4 6.50 0.9500 15.851 0.930 0.0000e+00
ACC2R 4096 4 6.50 0.9500 15.851 0.960 0.0000e+00
ACC2R 4096 4 6.50 0.9500 15.851 0.980 0.0000e+00
ACC2R 4096 4 6.50 0.9500 15.851 1.000 2.1339e-04
ACC2R 4096 4 6.50 0.9500 31.403 0.900 0.0000e+00
ACC2R 4096 4 6.50 0.9500 31.403 0.930 0.0000e+00
ACC2R 4096 4 6.50 0.9500 31.403 0.960 0.0000e+00
ACC2R 4096 4 6.50 0.9500 31.403 0.980 0.0000e+00
ACC2R 4096 4 6.50 0.9500 31.403 1.000 2.7647e-04
ACC2R 4096 4 6.50 0.9800 1.009 0.900 2.0874e-01
ACC2R 4096 4 6.50 0.9800 1.009 0.930 2.5328e-01
ACC2R 4096 4 6.50 0.9800 1.009 0.960 3.0681e-01
ACC2R 4096 4 6.50 0.9800 1.009 0.980 3.4406e-01
ACC2R 4096 4 6.50 0.9800 1.009 1.000 3.8730e-01
ACC2R 4096 4 6.50 0.9800 1.494 0.900 9.9909e-02
ACC2R 4096 4 6.50 0.9800 1.494 0.930 1.4228e-01
ACC2R 4096 4 6.50 0.9800 1.494 0.960 1.9662e-01
ACC2R 4096 4 6.50 0.9800 1.494 0.980 2.3777e-01
ACC2R 4096 4 6.50 0.9800 1.494 1.000 2.8540e-01
ACC2R 4096 4 6.50 0.9800 1.970 0.900 8.3378e-04
ACC2R 4096 4 6.50 0.9800 1.970 0.930 2.5771e-03
ACC2R 4096 4 6.50 0.9800 1.970 0.960 6.8218e-03
ACC2R 4096 4 6.50 0.9800 1.970 0.980 1.1294e-02
ACC2R 4096 4 6.50 0.9800 1.970 1.000 1.7737e-02
ACC2R 4096 4 6.50 0.9800 3.056 0.900 0.0000e+00
ACC2R 4096 4 6.50 0.9800 3.056 0.930 0.0000e+00
ACC2R 4096 4 6.50 0.9800 3.056 0.960 0.0000e+00
ACC2R 4096 4 6.50 0.9800 3.056 0.980 0.0000e+00
ACC2R 4096 4 6.50 0.9800 3.056 1.000 0.0000e+00
ACC2R 4096 4 6.50 0.9800 3.994 0.900 0.0000e+00
ACC2R 4096 4 6.50 0.9800 3.994 0.930 0.0000e+00
ACC2R 4096 4 6.50 0.9800 3.994 0.960 0.0000e+00
ACC2R 4096 4 6.50 0.9800 3.994 0.980 0.0000e+00
ACC2R 4096 4 6.50 0.9800 3.994 1.000 0.0000e+00
ACC2R 4096 4 6.50 0.9800 6.074 0.900 0.0000e+00
ACC2R 4096 4 6.50 0.9800 6.074 0.930 0.0000e+00
ACC2R 4096 4 6.50 0.9800 6.074 0.960 0.0000e+00
ACC2R 4096 4 6.50 0.9800 6.074 0.980 0.0000e+00
ACC2R 4096 4 6.50 0.9800 6.074 1.000 0.0000e+00
ACC2R 4096 4 6.50 0.9800 7.963 0.900 0.0000e+00
ACC2R 4096 4 6.50 0.9800 7.963 0.930 0.0000e+00
ACC2R 4096 4 6.50 0.9800 7.963 0.960 0.0000e+00
ACC2R 4096 4 6.50 0.9800 7.963 0.980 0.0000e+00
ACC2R 4096 4 6.50 0.9800 7.963 1.000 0.0000e+00
ACC2R 4096 4 6.50 0.9800 15.851 0.900 0.0000e+00
ACC2R 4096 4 6.50 0.9800 15.851 0.930 0.0000e+00
ACC2R 4096 4 6.50 0.9800 15.851 0.960 0.0000e+00
ACC2R 4096 4 6.50 0.9800 15.851 0.980 0.0000e+00
ACC2R 4096 4 6.50 0.9800 15.851 1.000 2.1176e-04
ACC2R 4096 4 6.50 0.9800 31.403 0.900 0.0000e+00
ACC2R 4096 4 6.50 0.9800 31.403 0.930 0.0000e+00
ACC2R 4096 4 6.50 0.9800 31.403 0.960 0.0000e+00
ACC2R 4096 4 6.50 0.9800 31.403 0.980 6.9109e-05
ACC2R 4096 4 6.50 0.9800 31.403 1.000 8.9841e-04
ACC2R 4096 4 6.50 0.9950 1.009 0.900 2.4648e-01
ACC2R 4096 4 6.50 0.9950 1.009 0.930 2.9942e-01
ACC2R 4096 4 6.50 0.9950 1.009 0.960 3.5966e-01
ACC2R 4096 4 6.50 0.9950 1.009 0.980 4.0392e-01
ACC2R 4096 4 6.50 0.9950 1.009 1.000 4.4479e-01
ACC2R 4096 4 6.50 0.9950 1.494 0.900 1.3410e-01
ACC2R 4096 4 6.50 0.9950 1.494 0.930 1.8950e-01
ACC2R 4096 4 6.50 0.9950 1.494 0.960 2.5491e-01
ACC2R 4096 4 6.50 0.9950 1.494 0.980 3.0652e-01
ACC2R 4096 4 6.50 0.9950 1.494 1.000 3.5941e-01
ACC2R 4096 4 6.50 0.9950 1.970 0.900 1.0568e-03
ACC2R 4096 4 6.50 0.9950 1.970 0.930 3.2458e-03
ACC2R 4096 4 6.50 0.9950 1.970 0.960 7.4728e-03
ACC2R 4096 4 6.50 0.9950 1.970 0.980 1.3436e-02
ACC2R 4096 4 6.50 0.9950 1.970 1.000 2.0833e-02
ACC2R 4096 4 6.50 0.9950 3.056 0.900 0.0000e+00
ACC2R 4096 4 6.50 0.9950 3.056 0.930 0.0000e+00
ACC2R 4096 4 6.50 0.9950 3.056 0.960 0.0000e+00
ACC2R 4096 4 6.50 0.9950 3.056 0.980 0.0000e+00
ACC2R 4096 4 6.50 0.9950 3.056 1.000 0.0000e+00
ACC2R 4096 4 6.50 0.9950 3.994 0.900 0.0000e+00
ACC2R 4096 4 6.50 0.9950 3.994 0.930 0.0000e+00
ACC2R 4096 4 6.50 0.9950 3.994 0.960 0.0000e+00
ACC2R 4096 4 6.50 0.9950 3.994 0.980 0.0000e+00
ACC2R 4096 4 6.50 0.9950 3.994 1.000 0.0000e+00
ACC2R 4096 4 6.50 0.9950 6.074 0.900 0.0000e+00
ACC2R 4096 4 6.50 0.9950 6.074 0.930 0.0000e+00
ACC2R 4096 4 6.50 0.9950 6.074 0.960 0.0000e+00
ACC2R 4096 4 6.50 0.9950 6.074 0.980 0.0000e+00
ACC2R 4096 4 6.50 0.9950 6.074 1.000 0.0000e+00
ACC2R 4096 4 6.50 0.9950 7.963 0.900 0.0000e+00
ACC2R 4096 4 6.50 0.9950 7.963 0.930 0.0000e+00
ACC2R 4096 4 6.50 0.9950 7.963 0.960 0.0000e+00
ACC2R 4096 4 6.50 0.9950 7.963 0.980 0.0000e+00
ACC2R 4096 4 6.50 0.9950 7.963 1.000 0.0000e+00
ACC2R 4096 4 6.50 0.9950 15.851 0.900 0.0000e+00
ACC2R 4096 4 6.50 0.9950 15.851 0.930 0.0000e+00
ACC2R 4096 4 6.50 0.9950 15.851 0.960 0.0000e+00
ACC2R 4096 4 6.50 0.9950 15.851 0.980 0.0000e+00
ACC2R 4096 4 6.50 0.9950 15.851 1.000 0.0000e+00
ACC2R 4096 4 6.50 0.9950 31.403 0.900 0.0000e+00
ACC2R 4096 4 6.50 0.9950 31.403 0.930 0.0000e+00
ACC2R 4096 4 6.50 0.9950 31.403 0.960 0.0000e+00
ACC2R 4096 4 6.50 0.9950 31.403 0.980 0.0000e+00
ACC2R 4096 4 6.50 0.9950 31.403 1.000 1.5561e-03
ACC2R 4096 8 5.00 0.8000 1.009 0.900 0.0000e+00
ACC2R 4096 8 5.00 0.8000 1.009 0.930 1.4893e-04
ACC2R 4096 8 5.00 0.8000 1.009 0.960 5.2126e-04
ACC2R 4096 8 5.00 0.8000 1.009 0.980 1.3404e-03
ACC2R 4096 8 5.00 0.8000 1.009 1.000 3.2020e-03
ACC2R 4096 8 5.00 0.8000 1.494 0.900 0.0000e+00
ACC2R 4096 8 5.00 0.8000 1.494 0.930 0.0000e+00
ACC2R 4096 8 5.00 0.8000 1.494 0.960 3.7339e-04
ACC2R 4096 8 5.00 0.8000 1.494 0.980 6.7209e-04
ACC2R 4096 8 5.00 0.8000 1.494 1.000 1.7176e-03
ACC2R 4096 8 5.00 0.8000 1.970 0.900 0.0000e+00
ACC2R 4096 8 5.00 0.8000 1.970 0.930 0.0000e+00
ACC2R 4096 8 5.00 0.8000 1.970 0.960 0.0000e+00
ACC2R 4096 8 5.00 0.8000 1.970 0.980 0.0000e+00
ACC2R 4096 8 5.00 0.8000 1.970 1.000 0.0000e+00
ACC2R 4096 8 5.00 0.8000 3.056 0.900 0.0000e+00
ACC2R 4096 8 5.00 0.8000 3.056 0.930 0.0000e+00
ACC2R 4096 8 5.00 0.8000 3.056 0.960 0.0000e+00
ACC2R 4096 8 5.00 0.8000 3.056 0.980 0.0000e+00
ACC2R 4096 8 5.00 0.8000 3.056 1.000 0.0000e+00
ACC2R 4096 8 5.00 0.8000 3.994 0.900 0.0000e+00
ACC2R 4096 8 5.00 0.8000 3.994 0.930 0.0000e+00
ACC2R 4096 8 5.00 0.8000 3.994 0.960 0.0000e+00
ACC2R 4096 8 5.00 0.8000 3.994 0.980 0.0000e+00
ACC2R 4096 8 5.00 0.8000 3.994 1.000 0.0000e+00
ACC2R 4096 8 5.00 0.8000 6.074 0.900 0.0000e+00
ACC2R 4096 8 5.00 0.8000 6.074 0.930 0.0000e+00
ACC2R 4096 8 5.00 0.8000 6.074 0.960 0.0000e+00
ACC2R 4096 8 5.00 0.8000 6.074 0.980 0.0000e+00
ACC2R 4096 8 5.00 0.8000 6.074 1.000 0.0000e+00
ACC2R 4096 8 5.00 0.8000 7.963 0.900 0.0000e+00
ACC2R 4096 8 5.00 0.8000 7.963 0.930 0.0000e+00
ACC2R 4096 8 5.00 0.8000 7.963 0.960 0.0000e+00
ACC2R 4096 8 5.00 0.8000 7.963 0.980 0.0000e+00
ACC2R 4096 8 5.00 0.8000 7.963 1.000 7.0467e-05
ACC2R 4096 8 5.00 0.8000 15.851 0.900 0.0000e+00
ACC2R 4096 8 5.00 0.8000 15.851 0.930 0.0000e+00
ACC2R 4096 8 5.00 0.8000 15.851 0.960 6.8269e-05
ACC2R 4096 8 5.00 0.8000 15.851 0.980 6.8269e-05
ACC2R 4096 8 5.00 0.8000 15.851 1.000 1.3654e-04
ACC2R 4096 8 5.00 0.8000 31.403 0.900 0.0000e+00
ACC2R 4096 8 5.00 0.8000 31.403 0.930 0.0000e+00
ACC2R 4096 8 5.00 0.8000 31.403 0.960 6.5733e-05
ACC2R 4096 8 5.00 0.8000 31.403 0.980 6.5733e-05
ACC2R 4096 8 5.00 0.8000 31.403 1.000 2.6293e-04
ACC2R 4096 8 5.00 0.9000 1.009 0.900 1.4898e-02
ACC2R 4096 8 5.00 0.9000 1.009 0.930 3.3336e-02
ACC2R 4096 8 5.00 0.9000 1.009 0.960 6.2836e-02
ACC2R 4096 8 5.00 0.9000 1.009 0.980 8.7838e-02
ACC2R 4096 8 5.00 0.9000 1.009 1.000 1.1173e-01
ACC2R 4096 8 5.00 0.9000 1.494 0.900 3.9677e-03
ACC2R 4096 8 5.00 0.9000 1.494 0.930 1.0727e-02
ACC2R 4096 8 5.00 0.9000 1.494 0.960 2.2410e-02
ACC2R 4096 8 5.00 0.9000 1.494 0.980 3.5709e-02
ACC2R 4096 8 5.00 0.9000 1.494 1.000 5.2168e-02
ACC2R 4096 8 5.00 0.9000 1.970 0.900 0.0000e+00
ACC2R 4096 8 5.00 0.9000 1.970 0.930 0.0000e+00
ACC2R 4096 8 5.00 0.9000 1.970 0.960 8.7713e-04
ACC2R 4096 8 5.00 0.9000 1.970 0.980 2.3390e-03
ACC2R 4096 8 5.00 0.9000 1.970 1.000 4.2395e-03
ACC2R 4096 8 5.00 0.9000 3.056 0.900 0.0000e+00
ACC2R 4096 8 5.00 0.9000 3.056 0.930 0.0000e+00
ACC2R 4096 8 5.00 0.9000 3.056 0.960 0.0000e+00
ACC2R 4096 8 5.00 0.9000 3.056 0.980 0.0000e+00
ACC2R 4096 8 5.00 0.9000 3.056 1.000 0.0000e+00
ACC2R 4096 8 5.00 0.9000 3.994 0.900 0.0000e+00
ACC2R 4096 8 5.00 0.9000 3.994 0.930 0.0000e+00
ACC2R 4096 8 5.00 0.9000 3.994 0.960 0.0000e+00
ACC2R 4096 8 5.00 0.9000 3.994 0.980 0.0000e+00
ACC2R 4096 8 5.00 0.9000 3.994 1.000 0.0000e+00
ACC2R 4096 8 5.00 0.9000 6.074 0.900 0.0000e+00
ACC2R 4096 8 5.00 0.9000 6.074 0.930 0.0000e+00
ACC2R 4096 8 5.00 0.9000 6.074 0.960 0.0000e+00
ACC2R 4096 8 5.00 0.9000 6.074 0.980 0.0000e+00
ACC2R 4096 8 5.00 0.9000 6.074 1.000 0.0000e+00
ACC2R 4096 8 5.00 0.9000 7.963 0.900 0.0000e+00
ACC2R 4096 8 5.00 0.9000 7.963 0.930 0.0000e+00
ACC2R 4096 8 5.00 0.9000 7.963 0.960 0.0000e+00
ACC2R 4096 8 5.00 0.9000 7.963 0.980 0.0000e+00
ACC2R 4096 8 5.00 0.9000 7.963 1.000 0.0000e+00
ACC2R 4096 8 5.00 0.9000 15.851 0.900 0.0000e+00
ACC2R 4096 8 5.00 0.9000 15.851 0.930 0.0000e+00
ACC2R 4096 8 5.00 0.9000 15.851 0.960 0.0000e+00
ACC2R 4096 8 5.00 0.9000 15.851 0.980 6.6247e-05
ACC2R 4096 8 5.00 0.9000 15.851 1.000 6.6247e-05
ACC2R 4096 8 5.00 0.9000 31.403 0.900 0.0000e+00
ACC2R 4096 8 5.00 0.9000 31.403 0.930 1.2762e-04
ACC2R 4096 8 5.00 0.9000 31.403 0.960 1.2762e-04
ACC2R 4096 8 5.00 0.9000 31.403 0.980 1.2762e-04
ACC2R 4096 8 5.00 0.9000 31.403 1.000 5.7431e-04
ACC2R 4096 8 5.00 0.9500 1.009 0.900 7.0548e-02
ACC2R 4096 8 5.00 0.9500 1.009 0.930 1.0733e-01
ACC2R 4096 8 5.00 0.9500 1.009 0.960 1.4778e-01
ACC2R 4096 8 5.00 0.9500 1.009 0.980 1.8052e-01
ACC2R 4096 8 5.00 0.9500 1.009 1.000 2.1164e-01
ACC2R 4096 8 5.00 0.9500 1.494 0.900 2.4593e-02
ACC2R 4096 8 5.00 0.9500 1.494 0.930 4.5100e-02
ACC2R 4096 8 5.00 0.9500 1.494 0.960 7.5093e-02
ACC2R 4096 8 5.00 0.9500 1.494 0.980 9.7643e-02
ACC2R 4096 8 5.00 0.9500 1.494 1.000 1.2253e-01
ACC2R 4096 8 5.00 0.9500 1.970 0.900 7.2474e-04
ACC2R 4096 8 5.00 0.9500 1.970 0.930 1.8843e-03
ACC2R 4096 8 5.00 0.9500 1.970 0.960 5.4356e-03
ACC2R 4096 8 5.00 0.9500 1.970 0.980 8.5520e-03
ACC2R 4096 8 5.00 0.9500 1.970 1.000 1.4350e-02
ACC2R 4096 8 5.00 0.9500 3.056 0.900 0.0000e+00
ACC2R 4096 8 5.00 0.9500 3.056 0.930 0.0000e+00
ACC2R 4096 8 5.00 0.9500 3.056 0.960 0.0000e+00
ACC2R 4096 8 5.00 0.9500 3.056 0.980 0.0000e+00
ACC2R 4096 8 5.00 0.9500 3.056 1.000 0.0000e+00
ACC2R 4096 8 5.00 0.9500 3.994 0.900 0.0000e+00
ACC2R 4096 8 5.00 0.9500 3.994 0.930 0.0000e+00
ACC2R 4096 8 5.00 0.9500 3.994 0.960 0.0000e+00
ACC2R 4096 8 5.00 0.9500 3.994 0.980 0.0000e+00
ACC2R 4096 8 5.00 0.9500 3.994 1.000 0.0000e+00
ACC2R 4096 8 5.00 0.9500 6.074 0.900 0.0000e+00
ACC2R 4096 8 5.00 0.9500 6.074 0.930 0.0000e+00
ACC2R 4096 8 5.00 0.9500 6.074 0.960 0.0000e+00
ACC2R 4096 8 5.00 0.9500 6.074 0.980 0.0000e+00
ACC2R 4096 8 5.00 0.9500 6.074 1.000 0.0000e+00
ACC2R 4096 8 5.00 0.9500 7.963 0.900 0.0000e+00
ACC2R 4096 8 5.00 0.9500 7.963 0.930 0.0000e+00
ACC2R 4096 8 5.00 0.9500 7.963 0.960 0.0000e+00
ACC2R 4096 8 5.00 0.9500 7.963 0.980 0.0000e+00
ACC2R 4096 8 5.00 0.9500 7.963 1.000 0.0000e+00
ACC2R 4096 8 5.00 0.9500 15.851 0.900 0.0000e+00
ACC2R 4096 8 5.00 0.9500 15.851 0.930 0.0000e+00
ACC2R 4096 8 5.00 0.9500 15.851 0.960 0.0000e+00
ACC2R 4096 8 5.00 0.9500 15.851 0.980 1.3179e-04
ACC2R 4096 8 5.00 0.9500 15.851 1.000 3.2947e-04
ACC2R 4096 8 5.00 0.9500 31.403 0.900 0.0000e+00
ACC2R 4096 8 5.00 0.9500 31.403 0.930 0.0000e+00
ACC2R 4096 8 5.00 0.9500 31.403 0.960 0.0000e+00
ACC2R 4096 8 5.00 0.9500 31.403 0.980 0.0000e+00
ACC2R 4096 8 5.00 0.9500 31.403 1.000 1.9179e-04
ACC2R 4096 8 5.00 0.9800 1.009 0.900 1.3243e-01
ACC2R 4096 8 5.00 0.9800 1.009 0.930 1.7917e-01
ACC2R 4096 8 5.00 0.9800 1.009 0.960 2.3052e-01
ACC2R 4096 8 5.00 0.9800 1.009 0.980 2.6421e-01
ACC2R 4096 8 5.00 0.9800 1.009 1.000 2.9864e-01
ACC2R 4096 8 5.00 0.9800 1.494 0.900 6.0421e-02
ACC2R 4096 8 5.00 0.9800 1.494 0.930 9.4198e-02
ACC2R 4096 8 5.00 0.9800 1.494 0.960 1.3424e-01
ACC2R 4096 8 5.00 0.9800 1.494 0.980 1.6481e-01
ACC2R 4096 8 5.00 0.9800 1.494 1.000 1.9946e-01
ACC2R 4096 8 5.00 0.9800 1.970 0.900 1.9431e-03
ACC2R 4096 8 5.00 0.9800 1.970 0.930 5.6855e-03
ACC2R 4096 8 5.00 0.9800 1.970 0.960 1.2522e-02
ACC2R 4096 8 5.00 0.9800 1.970 0.980 2.0007e-02
ACC2R 4096 8 5.00 0.9800 1.970 1.000 2.9003e-02
ACC2R 4096 8 5.00 0.9800 3.056 0.900 0.0000e+00
ACC2R 4096 8 5.00 0.9800 3.056 0.930 0.0000e+00
ACC2R 4096 8 5.00 0.9800 3.056 0.960 0.0000e+00
ACC2R 4096 8 5.00 0.9800 3.056 0.980 0.0000e+00
ACC2R 4096 8 5.00 0.9800 3.056 1.000 0.0000e+00
ACC2R 4096 8 5.00 0.9800 3.994 0.900 0.0000e+00
ACC2R 4096 8 5.00 0.9800 3.994 0.930 0.0000e+00
ACC2R 4096 8 5.00 0.9800 3.994 0.960 0.0000e+00
ACC2R 4096 8 5.00 0.9800 3.994 0.980 0.0000e+00
ACC2R 4096 8 5.00 0.9800 3.994 1.000 0.0000e+00
ACC2R 4096 8 5.00 0.9800 6.074 0.900 0.0000e+00
ACC2R 4096 8 5.00 0.9800 6.074 0.930 0.0000e+00
ACC2R 4096 8 5.00 0.9800 6.074 0.960 0.0000e+00
ACC2R 4096 8 5.00 0.9800 6.074 0.980 0.0000e+00
ACC2R 4096 8 5.00 0.9800 6.074 1.000 0.0000e+00
ACC2R 4096 8 5.00 0.9800 7.963 0.900 0.0000e+00
ACC2R 4096 8 5.00 0.9800 7.963 0.930 0.0000e+00
ACC2R 4096 8 5.00 0.9800 7.963 0.960 0.0000e+00
ACC2R 4096 8 5.00 0.9800 7.963 0.980 0.0000e+00
ACC2R 4096 8 5.00 0.9800 7.963 1.000 0.0000e+00
ACC2R 4096 8 5.00 0.9800 15.851 0.900 0.0000e+00
ACC2R 4096 8 5.00 0.9800 15.851 0.930 0.0000e+00
ACC2R 4096 8 5.00 0.9800 15.851 0.960 0.0000e+00
ACC2R 4096 8 5.00 0.9800 15.851 0.980 0.0000e+00
ACC2R 4096 8 5.00 0.9800 15.851 1.000 1.3301e-04
ACC2R 4096 8 5.00 0.9800 31.403 0.900 0.0000e+00
ACC2R 4096 8 5.00 0.9800 31.403 0.930 0.0000e+00
ACC2R 4096 8 5.00 0.9800 31.403 0.960 0.0000e+00
ACC2R 4096 8 5.00 0.9800 31.403 0.980 6.5147e-05
ACC2R 4096 8 5.00 0.9800 31.403 1.000 1.1075e-03
ACC2R 4096 8 5.00 0.9950 1.009 0.900 1.9044e-01
ACC2R 4096 8 5.00 0.9950 1.009 0.930 2.4241e-01
ACC2R 4096 8 5.00 0.9950 1.009 0.960 2.9474e-01
ACC2R 4096 8 5.00 0.9950 1.009 0.980 3.3441e-01
ACC2R 4096 8 5.00 0.9950 1.009 1.000 3.7488e-01
ACC2R 4096 8 5.00 0.9950 1.494 0.900 1.0233e-01
ACC2R 4096 8 5.00 0.9950 1.494 0.930 1.4495e-01
ACC2R 4096 8 5.00 0.9950 1.494 0.960 1.9684e-01
ACC2R 4096 8 5.00 0.9950 1.494 0.980 2.3938e-01
ACC2R 4096 8 5.00 0.9950 1.494 1.000 2.8439e-01
ACC2R 4096 8 5.00 0.9950 1.970 0.900 3.0144e-03
ACC2R 4096 8 5.00 0.9950 1.970 0.930 8.6126e-03
ACC2R 4096 8 5.00 0.9950 1.970 0.960 1.8015e-02
ACC2R 4096 8 5.00 0.9950 1.970 0.980 2.6699e-02
ACC2R 4096 8 5.00 0.9950 1.970 1.000 3.8183e-02
ACC2R 4096 8 5.00 0.9950 3.056 0.900 0.0000e+00
ACC2R 4096 8 5.00 0.9950 3.056 0.930 0.0000e+00
ACC2R 4096 8 5.00 0.9950 3.056 0.960 0.0000e+00
ACC2R 4096 8 5.00 0.9950 3.056 0.980 0.0000e+00
ACC2R 4096 8 5.00 0.9950 3.056 1.000 0.0000e+00
ACC2R 4096 8 5.00 0.9950 3.994 0.900 0.0000e+00
ACC2R 4096 8 5.00 0.9950 3.994 0.930 0.0000e+00
ACC2R 4096 8 5.00 0.9950 3.994 0.960 0.0000e+00
ACC2R 4096 8 5.00 0.9950 3.994 0.980 0.0000e+00
ACC2R 4096 8 5.00 0.9950 3.994 1.000 0.0000e+00
ACC2R 4096 8 5.00 0.9950 6.074 0.900 0.0000e+00
ACC2R 4096 8 5.00 0.9950 6.074 0.930 0.0000e+00
ACC2R 4096 8 5.00 0.9950 6.074 0.960 0.0000e+00
ACC2R 4096 8 5.00 0.9950 6.074 0.980 0.0000e+00
ACC2R 4096 8 5.00 0.9950 6.074 1.000 0.0000e+00
ACC2R 4096 8 5.00 0.9950 7.963 0.900 0.0000e+00
ACC2R 4096 8 5.00 0.9950 7.963 0.930 0.0000e+00
ACC2R 4096 8 5.00 0.9950 7.963 0.960 0.0000e+00
ACC2R 4096 8 5.00 0.9950 7.963 0.980 0.0000e+00
ACC2R 4096 8 5.00 0.9950 7.963 1.000 0.0000e+00
ACC2R 4096 8 5.00 0.9950 15.851 0.900 0.0000e+00
ACC2R 4096 8 5.00 0.9950 15.851 0.930 0.0000e+00
ACC2R 4096 8 5.00 0.9950 15.851 0.960 0.0000e+00
ACC2R 4096 8 5.00 0.9950 15.851 0.980 0.0000e+00
ACC2R 4096 8 5.00 0.9950 15.851 1.000 0.0000e+00
ACC2R 4096 8 5.00 0.9950 31.403 0.900 0.0000e+00
ACC2R 4096 8 5.00 0.9950 31.403 0.930 0.0000e+00
ACC2R 4096 8 5.00 0.9950 31.403 0.960 0.0000e+00
ACC2R 4096 8 5.00 0.9950 31.403 0.980 2.0228e-04
ACC2R 4096 8 5.00 0.9950 31.403 1.000 3.8433e-03
ACC2R 4096 8 5.50 0.8000 1.009 0.900 3.2073e-03
ACC2R 4096 8 5.50 0.8000 1.009 0.930 1.0997e-02
ACC2R 4096 8 5.50 0.8000 1.009 0.960 2.3444e-02
ACC2R 4096 8 5.50 0.8000 1.009 0.980 3.5281e-02
ACC2R 4096 8 5.50 0.8000 1.009 1.000 5.2005e-02
ACC2R 4096 8 5.50 0.8000 1.494 0.900 6.8992e-04
ACC2R 4096 8 5.50 0.8000 1.494 0.930 2.3764e-03
ACC2R 4096 8 5.50 0.8000 1.494 0.960 7.2058e-03
ACC2R 4096 8 5.50 0.8000 1.494 0.980 1.2495e-02
ACC2R 4096 8 5.50 0.8000 1.494 1.000 1.9778e-02
ACC2R 4096 8 5.50 0.8000 1.970 0.900 0.0000e+00
ACC2R 4096 8 5.50 0.8000 1.970 0.930 0.0000e+00
ACC2R 4096 8 5.50 0.8000 1.970 0.960 7.6185e-05
ACC2R 4096 8 5.50 0.8000 1.970 0.980 4.5711e-04
ACC2R 4096 8 5.50 0.8000 1.970 1.000 1.1428e-03
ACC2R 4096 8 5.50 0.8000 3.056 0.900 0.0000e+00
ACC2R 4096 8 5.50 0.8000 3.056 0.930 0.0000e+00
ACC2R 4096 8 5.50 0.8000 3.056 0.960 0.0000e+00
ACC2R 4096 8 5.50 0.8000 3.056 0.980 0.0000e+00
ACC2R 4096 8 5.50 0.8000 3.056 1.000 0.0000e+00
ACC2R 4096 8 5.50 0.8000 3.994 0.900 0.0000e+00
ACC2R 4096 8 5.50 0.8000 3.994 0.930 0.0000e+00
ACC2R 4096 8 5.50 0.8000 3.994 0.960 0.0000e+00
ACC2R 4096 8 5.50 0.8000 3.994 0.980 0.0000e+00
ACC2R 4096 8 5.50 0.8000 3.994 1.000 0.0000e+00
ACC2R 4096 8 5.50 0.8000 6.074 0.900 0.0000e+00
ACC2R 4096 8 5.50 0.8000 6.074 0.930 0.0000e+00
ACC2R 4096 8 5.50 0.8000 6.074 0.960 0.0000e+00
ACC2R 4096 8 5.50 0.8000 6.074 0.980 0.0000e+00
ACC2R 4096 8 5.50 0.8000 6.074 1.000 7.4069e-05
ACC2R 4096 8 5.50 0.8000 7.963 0.900 0.0000e+00
ACC2R 4096 8 5.50 0.8000 7.963 0.930 0.0000e+00
ACC2R 4096 8 5.50 0.8000 7.963 0.960 7.3292e-05
ACC2R 4096 8 5.50 0.8000 7.963 0.980 7.3292e-05
ACC2R 4096 8 5.50 0.8000 7.963 1.000 1.4658e-04
ACC2R 4096 8 5.50 0.8000 15.851 0.900 0.0000e+00
ACC2R 4096 8 5.50 0.8000 15.851 0.930 0.0000e+00
ACC2R 4096 8 5.50 0.8000 15.851 0.960 2.8547e-04
ACC2R 4096 8 5.50 0.8000 15.851 0.980 3.5684e-04
ACC2R 4096 8 5.50 0.8000 15.851 1.000 4.9957e-04
ACC2R 4096 8 5.50 0.8000 31.403 0.900 0.0000e+00
ACC2R 4096 8 5.50 0.8000 31.403 0.930 0.0000e+00
ACC2R 4096 8 5.50 0.8000 31.403 0.960 6.9295e-05
ACC2R 4096 8 5.50 0.8000 31.403 0.980 1.3859e-04
ACC2R 4096 8 5.50 0.8000 31.403 1.000 5.5436e-04
ACC2R 4096 8 5.50 0.9000 1.009 0.900 6.0297e-02
ACC2R 4096 8 5.50 0.9000 1.009 0.930 9.0331e-02
ACC2R 4096 8 5.50 0.9000 1.009 0.960 1.2400e-01
ACC2R 4096 8 5.50 0.9000 1.009 0.980 1.4813e-01
ACC2R 4096 8 5.50 0.9000 1.009 1.000 1.7582e-01
ACC2R 4096 8 5.50 0.9000 1.494 0.900 1.8387e-02
ACC2R 4096 8 5.50 0.9000 1.494 0.930 3.1876e-02
ACC2R 4096 8 5.50 0.9000 1.494 0.960 5.0490e-02
ACC2R 4096 8 5.50 0.9000 1.494 0.980 6.8726e-02
ACC2R 4096 8 5.50 0.9000 1.494 1.000 8.9601e-02
ACC2R 4096 8 5.50 0.9000 1.970 0.900 9.0158e-04
ACC2R 4096 8 5.50 0.9000 1.970 0.930 2.2539e-03
ACC2R 4096 8 5.50 0.9000 1.970 0.960 5.0338e-03
ACC2R 4096 8 5.50 0.9000 1.970 0.980 8.4147e-03
ACC2R 4096 8 5.50 0.9000 1.970 1.000 1.2322e-02
ACC2R 4096 8 5.50 0.9000 3.056 0.900 0.0000e+00
ACC2R 4096 8 5.50 0.9000 3.056 0.930 0.0000e+00
ACC2R 4096 8 5.50 0.9000 3.056 0.960 0.0000e+00
ACC2R 4096 8 5.50 0.9000 3.056 0.980 0.0000e+00
ACC2R 4096 8 5.50 0.9000 3.056 1.000 0.0000e+00
ACC2R 4096 8 5.50 0.9000 3.994 0.900 0.0000e+00
ACC2R 4096 8 5.50 0.9000 3.994 0.930 0.0000e+00
ACC2R 4096 8 5.50 0.9000 3.994 0.960 0.0000e+00
ACC2R 4096 8 5.50 0.9000 3.994 0.980 0.0000e+00
ACC2R 4096 8 5.50 0.9000 3.994 1.000 0.0000e+00
ACC2R 4096 8 5.50 0.9000 6.074 0.900 0.0000e+00
ACC2R 4096 8 5.50 0.9000 6.074 0.930 0.0000e+00
ACC2R 4096 8 5.50 0.9000 6.074 0.960 0.0000e+00
ACC2R 4096 8 5.50 0.9000 6.074 0.980 0.0000e+00
ACC2R 4096 8 5.50 0.9000 6.074 1.000 0.0000e+00
ACC2R 4096 8 5.50 0.9000 7.963 0.900 0.0000e+00
ACC2R 4096 8 5.50 0.9000 7.963 0.930 0.0000e+00
ACC2R 4096 8 5.50 0.9000 7.963 0.960 0.0000e+00
ACC2R 4096 8 5.50 0.9000 7.963 0.980 0.0000e+00
ACC2R 4096 8 5.50 0.9000 7.963 1.000 7.1043e-05
ACC2R 4096 8 5.50 0.9000 15.851 0.900 0.0000e+00
ACC2R 4096 8 5.50 0.9000 15.851 0.930 0.0000e+00
ACC2R 4096 8 5.50 0.9000 15.851 0.960 0.0000e+00
ACC2R 4096 8 5.50 0.9000 15.851 0.980 0.0000e+00
ACC2R 4096 8 5.50 0.9000 15.851 1.000 0.0000e+00
ACC2R 4096 8 5.50 0.9000 31.403 0.900 0.0000e+00
ACC2R 4096 8 5.50 0.9000 31.403 0.930 6.6392e-05
ACC2R 4096 8 5.50 0.9000 31.403 0.960 6.6392e-05
ACC2R 4096 8 5.50 0.9000 31.403 0.980 6.6392e-05
ACC2R 4096 8 5.50 0.9000 31.403 1.000 5.3114e-04
ACC2R 4096 8 5.50 0.9500 1.009 0.900 1.1735e-01
ACC2R 4096 8 5.50 0.9500 1.009 0.930 1.5464e-01
ACC2R 4096 8 5.50 0.9500 1.009 0.960 1.9771e-01
ACC2R 4096 8 5.50 0.9500 1.009 0.980 2.2748e-01
ACC2R 4096 8 5.50 0.9500 1.009 1.000 2.5635e-01
ACC2R 4096 8 5.50 0.9500 1.494 0.900 4.2000e-02
ACC2R 4096 8 5.50 0.9500 1.494 0.930 6.6931e-02
ACC2R 4096 8 5.50 0.9500 1.494 0.960 9.9124e-02
ACC2R 4096 8 5.50 0.9500 1.494 0.980 1.2405e-01
ACC2R 4096 8 5.50 0.9500 1.494 1.000 1.5146e-01
ACC2R 4096 8 5.50 0.9500 1.970 0.900 2.0083e-03
ACC2R 4096 8 5.50 0.9500 1.970 0.930 4.9093e-03
ACC2R 4096 8 5.50 0.9500 1.970 0.960 1.0860e-02
ACC2R 4096 8 5.50 0.9500 1.970 0.980 1.6290e-02
ACC2R 4096 8 5.50 0.9500 1.970 1.000 2.4398e-02
ACC2R 4096 8 5.50 0.9500 3.056 0.900 0.0000e+00
ACC2R 4096 8 5.50 0.9500 3.056 0.930 0.0000e+00
ACC2R 4096 8 5.50 0.9500 3.056 0.960 0.0000e+00
ACC2R 4096 8 5.50 0.9500 3.056 0.980 0.0000e+00
ACC2R 4096 8 5.50 0.9500 3.056 1.000 0.0000e+00
ACC2R 4096 8 5.50 0.9500 3.994 0.900 0.0000e+00
ACC2R 4096 8 5.50 0.9500 3.994 0.930 0.0000e+00
ACC2R 4096 8 5.50 0.9500 3.994 0.960 0.0000e+00
ACC2R 4096 8 5.50 0.9500 3.994 0.980 0.0000e+00
ACC2R 4096 8 5.50 0.9500 3.994 1.000 0.0000e+00
ACC2R 4096 8 5.50 0.9500 6.074 0.900 0.0000e+00
ACC2R 4096 8 5.50 0.9500 6.074 0.930 0.0000e+00
ACC2R 4096 8 5.50 0.9500 6.074 0.960 0.0000e+00
ACC2R 4096 8 5.50 0.9500 6.074 0.980 0.0000e+00
ACC2R 4096 8 5.50 0.9500 6.074 1.000 0.0000e+00
ACC2R 4096 8 5.50 0.9500 7.963 0.900 0.0000e+00
ACC2R 4096 8 5.50 0.9500 7.963 0.930 0.0000e+00
ACC2R 4096 8 5.50 0.9500 7.963 0.960 0.0000e+00
ACC2R 4096 8 5.50 0.9500 7.963 0.980 0.0000e+00
ACC2R 4096 8 5.50 0.9500 7.963 1.000 0.0000e+00
ACC2R 4096 8 5.50 0.9500 15.851 0.900 0.0000e+00
ACC2R 4096 8 5.50 0.9500 15.851 0.930 0.0000e+00
ACC2R 4096 8 5.50 0.9500 15.851 0.960 0.0000e+00
ACC2R 4096 8 5.50 0.9500 15.851 0.980 1.3617e-04
ACC2R 4096 8 5.50 0.9500 15.851 1.000 3.4044e-04
ACC2R 4096 8 5.50 0.9500 31.403 0.900 0.0000e+00
ACC2R 4096 8 5.50 0.9500 31.403 0.930 0.0000e+00
ACC2R 4096 8 5.50 0.9500 31.403 0.960 0.0000e+00
ACC2R 4096 8 5.50 0.9500 31.403 0.980 0.0000e+00
ACC2R 4096 8 5.50 0.9500 31.403 1.000 4.6162e-04
ACC2R 4096 8 5.50 0.9800 1.009 0.900 1.7076e-01
ACC2R 4096 8 5.50 0.9800 1.009 0.930 2.1579e-01
ACC2R 4096 8 5.50 0.9800 1.009 0.960 2.6150e-01
ACC2R 4096 8 5.50 0.9800 1.009 0.980 2.9640e-01
ACC2R 4096 8 5.50 0.9800 1.009 1.000 3.3266e-01
ACC2R 4096 8 5.50 0.9800 1.494 0.900 7.8996e-02
ACC2R 4096 8 5.50 0.9800 1.494 0.930 1.1369e-01
ACC2R 4096 8 5.50 0.9800 1.494 0.960 1.5747e-01
ACC2R 4096 8 5.50 0.9800 1.494 0.980 1.9209e-01
ACC2R 4096 8 5.50 0.9800 1.494 1.000 2.3118e-01
ACC2R 4096 8 5.50 0.9800 1.970 0.900 4.1289e-03
ACC2R 4096 8 5.50 0.9800 1.970 0.930 9.6586e-03
ACC2R 4096 8 5.50 0.9800 1.970 0.960 1.8875e-02
ACC2R 4096 8 5.50 0.9800 1.970 0.980 2.8017e-02
ACC2R 4096 8 5.50 0.9800 1.970 1.000 4.0625e-02
ACC2R 4096 8 5.50 0.9800 3.056 0.900 0.0000e+00
ACC2R 4096 8 5.50 0.9800 3.056 0.930 0.0000e+00
ACC2R 4096 8 5.50 0.9800 3.056 0.960 0.0000e+00
ACC2R 4096 8 5.50 0.9800 3.056 0.980 0.0000e+00
ACC2R 4096 8 5.50 0.9800 3.056 1.000 0.0000e+00
ACC2R 4096 8 5.50 0.9800 3.994 0.900 0.0000e+00
ACC2R 4096 8 5.50 0.9800 3.994 0.930 0.0000e+00
ACC2R 4096 8 5.50 0.9800 3.994 0.960 0.0000e+00
ACC2R 4096 8 5.50 0.9800 3.994 0.980 0.0000e+00
ACC2R 4096 8 5.50 0.9800 3.994 1.000 0.0000e+00
ACC2R 4096 8 5.50 0.9800 6.074 0.900 0.0000e+00
ACC2R 4096 8 5.50 0.9800 6.074 0.930 0.0000e+00
ACC2R 4096 8 5.50 0.9800 6.074 0.960 0.0000e+00
ACC2R 4096 8 5.50 0.9800 6.074 0.980 0.0000e+00
ACC2R 4096 8 5.50 0.9800 6.074 1.000 0.0000e+00
ACC2R 4096 8 5.50 0.9800 7.963 0.900 0.0000e+00
ACC2R 4096 8 5.50 0.9800 7.963 0.930 0.0000e+00
ACC2R 4096 8 5.50 0.9800 7.963 0.960 0.0000e+00
ACC2R 4096 8 5.50 0.9800 7.963 0.980 0.0000e+00
ACC2R 4096 8 5.50 0.9800 7.963 1.000 0.0000e+00
ACC2R 4096 8 5.50 0.9800 15.851 0.900 0.0000e+00
ACC2R 4096 8 5.50 0.9800 15.851 0.930 0.0000e+00
ACC2R 4096 8 5.50 0.9800 15.851 0.960 0.0000e+00
ACC2R 4096 8 5.50 0.9800 15.851 0.980 0.0000e+00
ACC2R 4096 8 5.50 0.9800 15.851 1.000 1.3624e-04
ACC2R 4096 8 5.50 0.9800 31.403 0.900 0.0000e+00
ACC2R 4096 8 5.50 0.9800 31.403 0.930 0.0000e+00
ACC2R 4096 8 5.50 0.9800 31.403 0.960 0.0000e+00
ACC2R 4096 8 5.50 0.9800 31.403 0.980 6.6738e-05
ACC2R 4096 8 5.50 0.9800 31.403 1.000 8.6759e-04
ACC2R 4096 8 5.50 0.9950 1.009 0.900 2.1865e-01
ACC2R 4096 8 5.50 0.9950 1.009 0.930 2.6638e-01
ACC2R 4096 8 5.50 0.9950 1.009 0.960 3.2100e-01
ACC2R 4096 8 5.50 0.9950 1.009 0.980 3.6355e-01
ACC2R 4096 8 5.50 0.9950 1.009 1.000 4.0474e-01
ACC2R 4096 8 5.50 0.9950 1.494 0.900 1.1610e-01
ACC2R 4096 8 5.50 0.9950 1.494 0.930 1.6294e-01
ACC2R 4096 8 5.50 0.9950 1.494 0.960 2.2066e-01
ACC2R 4096 8 5.50 0.9950 1.494 0.980 2.6558e-01
ACC2R 4096 8 5.50 0.9950 1.494 1.000 3.0953e-01
ACC2R 4096 8 5.50 0.9950 1.970 0.900 5.5858e-03
ACC2R 4096 8 5.50 0.9950 1.970 0.930 1.2641e-02
ACC2R 4096 8 5.50 0.9950 1.970 0.960 2.4842e-02
ACC2R 4096 8 5.50 0.9950 1.970 0.980 3.6014e-02
ACC2R 4096 8 5.50 0.9950 1.970 1.000 5.2403e-02
ACC2R 4096 8 5.50 0.9950 3.056 0.900 0.0000e+00
ACC2R 4096 8 5.50 0.9950 3.056 0.930 0.0000e+00
ACC2R 4096 8 5.50 0.9950 3.056 0.960 0.0000e+00
ACC2R 4096 8 5.50 0.9950 3.056 0.980 0.0000e+00
ACC2R 4096 8 5.50 0.9950 3.056 1.000 0.0000e+00
ACC2R 4096 8 5.50 0.9950 3.994 0.900 0.0000e+00
ACC2R 4096 8 5.50 0.9950 3.994 0.930 0.0000e+00
ACC2R 4096 8 5.50 0.9950 3.994 0.960 0.0000e+00
ACC2R 4096 8 5.50 0.9950 3.994 0.980 0.0000e+00
ACC2R 4096 8 5.50 0.9950 3.994 1.000 0.0000e+00
ACC2R 4096 8 5.50 0.9950 6.074 0.900 0.0000e+00
ACC2R 4096 8 5.50 0.9950 6.074 0.930 0.0000e+00
ACC2R 4096 8 5.50 0.9950 6.074 0.960 0.0000e+00
ACC2R 4096 8 5.50 0.9950 6.074 0.980 0.0000e+00
ACC2R 4096 8 5.50 0.9950 6.074 1.000 0.0000e+00
ACC2R 4096 8 5.50 0.9950 7.963 0.900 0.0000e+00
ACC2R 4096 8 5.50 0.9950 7.963 0.930 0.0000e+00
ACC2R 4096 8 5.50 0.9950 7.963 0.960 0.0000e+00
ACC2R 4096 8 5.50 0.9950 7.963 0.980 0.0000e+00
ACC2R 4096 8 5.50 0.9950 7.963 1.000 0.0000e+00
ACC2R 4096 8 5.50 0.9950 15.851 0.900 0.0000e+00
ACC2R 4096 8 5.50 0.9950 15.851 0.930 0.0000e+00
ACC2R 4096 8 5.50 0.9950 15.851 0.960 0.0000e+00
ACC2R 4096 8 5.50 0.9950 15.851 0.980 0.0000e+00
ACC2R 4096 8 5.50 0.9950 15.851 1.000 0.0000e+00
ACC2R 4096 8 5.50 0.9950 31.403 0.900 0.0000e+00
ACC2R 4096 8 5.50 0.9950 31.403 0.930 0.0000e+00
ACC2R 4096 8 5.50 0.9950 31.403 0.960 0.0000e+00
ACC2R 4096 8 5.50 0.9950 31.403 0.980 0.0000e+00
ACC2R 4096 8 5.50 0.9950 31.403 1.000 2.7493e-03
ACC2R 4096 8 6.00 0.8000 1.009 0.900 2.5738e-02
ACC2R 4096 8 6.00 0.8000 1.009 0.930 4.4597e-02
ACC2R 4096 8 6.00 0.8000 1.009 0.960 6.9949e-02
ACC2R 4096 8 6.00 0.8000 1.009 0.980 8.8267e-02
ACC2R 4096 8 6.00 0.8000 1.009 1.000 1.0875e-01
ACC2R 4096 8 6.00 0.8000 1.494 0.900 5.9644e-03
ACC2R 4096 8 6.00 0.8000 1.494 0.930 1.2858e-02
ACC2R 4096 8 6.00 0.8000 1.494 0.960 2.3393e-02
ACC2R 4096 8 6.00 0.8000 1.494 0.980 3.3075e-02
ACC2R 4096 8 6.00 0.8000 1.494 1.000 4.4771e-02
ACC2R 4096 8 6.00 0.8000 1.970 0.900 7.7048e-05
ACC2R 4096 8 6.00 0.8000 1.970 0.930 7.7048e-04
ACC2R 4096 8 6.00 0.8000 1.970 0.960 2.6196e-03
ACC2R 4096 8 6.00 0.8000 1.970 0.980 4.1606e-03
ACC2R 4096 8 6.00 0.8000 1.970 1.000 6.2409e-03
ACC2R 4096 8 6.00 0.8000 3.056 0.900 0.0000e+00
ACC2R 4096 8 6.00 0.8000 3.056 0.930 0.0000e+00
ACC2R 4096 8 6.00 0.8000 3.056 0.960 0.0000e+00
ACC2R 4096 8 6.00 0.8000 3.056 0.980 0.0000e+00
ACC2R 4096 8 6.00 0.8000 3.056 1.000 0.0000e+00
ACC2R 4096 8 6.00 0.8000 3.994 0.900 0.0000e+00
ACC2R 4096 8 6.00 0.8000 3.994 0.930 0.0000e+00
ACC2R 4096 8 6.00 0.8000 3.994 0.960 0.0000e+00
ACC2R 4096 8 6.00 0.8000 3.994 0.980 0.0000e+00
ACC2R 4096 8 6.00 0.8000 3.994 1.000 0.0000e+00
ACC2R 4096 8 6.00 0.8000 6.074 0.900 0.0000e+00
ACC2R 4096 8 6.00 0.8000 6.074 0.930 0.0000e+00
ACC2R 4096 8 6.00 0.8000 6.074 0.960 0.0000e+00
ACC2R 4096 8 6.00 0.8000 6.074 0.980 2.2714e-04
ACC2R 4096 8 6.00 0.8000 6.074 1.000 2.2714e-04
ACC2R 4096 8 6.00 0.8000 7.963 0.900 0.0000e+00
ACC2R 4096 8 6.00 0.8000 7.963 0.930 0.0000e+00
ACC2R 4096 8 6.00 0.8000 7.963 0.960 7.5086e-05
ACC2R 4096 8 6.00 0.8000 7.963 0.980 1.5017e-04
ACC2R 4096 8 6.00 0.8000 7.963 1.000 3.0035e-04
ACC2R 4096 8 6.00 0.8000 15.851 0.900 0.0000e+00
ACC2R 4096 8 6.00 0.8000 15.851 0.930 0.0000e+00
ACC2R 4096 8 6.00 0.8000 15.851 0.960 1.4709e-04
ACC2R 4096 8 6.00 0.8000 15.851 0.980 3.6773e-04
ACC2R 4096 8 6.00 0.8000 15.851 1.000 6.6191e-04
ACC2R 4096 8 6.00 0.8000 31.403 0.900 0.0000e+00
ACC2R 4096 8 6.00 0.8000 31.403 0.930 0.0000e+00
ACC2R 4096 8 6.00 0.8000 31.403 0.960 7.1829e-05
ACC2R 4096 8 6.00 0.8000 31.403 0.980 1.4366e-04
ACC2R 4096 8 6.00 0.8000 31.403 1.000 6.4646e-04
ACC2R 4096 8 6.00 0.9000 1.009 0.900 9.4840e-02
ACC2R 4096 8 6.00 0.9000 1.009 0.930 1.2681e-01
ACC2R 4096 8 6.00 0.9000 1.009 0.960 1.6262e-01
ACC2R 4096 8 6.00 0.9000 1.009 0.980 1.8761e-01
ACC2R 4096 8 6.00 0.9000 1.009 1.000 2.1598e-01
ACC2R 4096 8 6.00 0.9000 1.494 0.900 2.8956e-02
ACC2R 4096 8 6.00 0.9000 1.494 0.930 4.5382e-02
ACC2R 4096 8 6.00 0.9000 1.494 0.960 7.1052e-02
ACC2R 4096 8 6.00 0.9000 1.494 0.980 9.1145e-02
ACC2R 4096 8 6.00 0.9000 1.494 1.000 1.1284e-01
ACC2R 4096 8 6.00 0.9000 1.970 0.900 1.8284e-03
ACC2R 4096 8 6.00 0.9000 1.970 0.930 3.8092e-03
ACC2R 4096 8 6.00 0.9000 1.970 0.960 8.7612e-03
ACC2R 4096 8 6.00 0.9000 1.970 0.980 1.2723e-02
ACC2R 4096 8 6.00 0.9000 1.970 1.000 1.8513e-02
ACC2R 4096 8 6.00 0.9000 3.056 0.900 0.0000e+00
ACC2R 4096 8 6.00 0.9000 3.056 0.930 0.0000e+00
ACC2R 4096 8 6.00 0.9000 3.056 0.960 0.0000e+00
ACC2R 4096 8 6.00 0.9000 3.056 0.980 0.0000e+00
ACC2R 4096 8 6.00 0.9000 3.056 1.000 0.0000e+00
ACC2R 4096 8 6.00 0.9000 3.994 0.900 0.0000e+00
ACC2R 4096 8 6.00 0.9000 3.994 0.930 0.0000e+00
ACC2R 4096 8 6.00 0.9000 3.994 0.960 0.0000e+00
ACC2R 4096 8 6.00 0.9000 3.994 0.980 0.0000e+00
ACC2R 4096 8 6.00 0.9000 3.994 1.000 0.0000e+00
ACC2R 4096 8 6.00 0.9000 6.074 0.900 0.0000e+00
ACC2R 4096 8 6.00 0.9000 6.074 0.930 0.0000e+00
ACC2R 4096 8 6.00 0.9000 6.074 0.960 0.0000e+00
ACC2R 4096 8 6.00 0.9000 6.074 0.980 0.0000e+00
ACC2R 4096 8 6.00 0.9000 6.074 1.000 0.0000e+00
ACC2R 4096 8 6.00 0.9000 7.963 0.900 0.0000e+00
ACC2R 4096 8 6.00 0.9000 7.963 0.930 0.0000e+00
ACC2R 4096 8 6.00 0.9000 7.963 0.960 0.0000e+00
ACC2R 4096 8 6.00 0.9000 7.963 0.980 0.0000e+00
ACC2R 4096 8 6.00 0.9000 7.963 1.000 0.0000e+00
ACC2R 4096 8 6.00 0.9000 15.851 0.900 0.0000e+00
ACC2R 4096 8 6.00 0.9000 15.851 0.930 0.0000e+00
ACC2R 4096 8 6.00 0.9000 15.851 0.960 0.0000e+00
ACC2R 4096 8 6.00 0.9000 15.851 0.980 0.0000e+00
ACC2R 4096 8 6.00 0.9000 15.851 1.000 0.0000e+00
ACC2R 4096 8 6.00 0.9000 31.403 0.900 0.0000e+00
ACC2R 4096 8 6.00 0.9000 31.403 0.930 6.8691e-05
ACC2R 4096 8 6.00 0.9000 31.403 0.960 6.8691e-05
ACC2R 4096 8 6.00 0.9000 31.403 0.980 6.8691e-05
ACC2R 4096 8 6.00 0.9000 31.403 1.000 5.4953e-04
ACC2R 4096 8 6.00 0.9500 1.009 0.900 1.4434e-01
ACC2R 4096 8 6.00 0.9500 1.009 0.930 1.8417e-01
ACC2R 4096 8 6.00 0.9500 1.009 0.960 2.2637e-01
ACC2R 4096 8 6.00 0.9500 1.009 0.980 2.5364e-01
ACC2R 4096 8 6.00 0.9500 1.009 1.000 2.8700e-01
ACC2R 4096 8 6.00 0.9500 1.494 0.900 5.4019e-02
ACC2R 4096 8 6.00 0.9500 1.494 0.930 8.3794e-02
ACC2R 4096 8 6.00 0.9500 1.494 0.960 1.1774e-01
ACC2R 4096 8 6.00 0.9500 1.494 0.980 1.4653e-01
ACC2R 4096 8 6.00 0.9500 1.494 1.000 1.7963e-01
ACC2R 4096 8 6.00 0.9500 1.970 0.900 3.5480e-03
ACC2R 4096 8 6.00 0.9500 1.970 0.930 7.1714e-03
ACC2R 4096 8 6.00 0.9500 1.970 0.960 1.4494e-02
ACC2R 4096 8 6.00 0.9500 1.970 0.980 2.2496e-02
ACC2R 4096 8 6.00 0.9500 1.970 1.000 3.2083e-02
ACC2R 4096 8 6.00 0.9500 3.056 0.900 0.0000e+00
ACC2R 4096 8 6.00 0.9500 3.056 0.930 0.0000e+00
ACC2R 4096 8 6.00 0.9500 3.056 0.960 0.0000e+00
ACC2R 4096 8 6.00 0.9500 3.056 0.980 0.0000e+00
ACC2R 4096 8 6.00 0.9500 3.056 1.000 0.0000e+00
ACC2R 4096 8 6.00 0.9500 3.994 0.900 0.0000e+00
ACC2R 4096 8 6.00 0.9500 3.994 0.930 0.0000e+00
ACC2R 4096 8 6.00 0.9500 3.994 0.960 0.0000e+00
ACC2R 4096 8 6.00 0.9500 3.994 0.980 0.0000e+00
ACC2R 4096 8 6.00 0.9500 3.994 1.000 0.0000e+00
ACC2R 4096 8 6.00 0.9500 6.074 0.900 0.0000e+00
ACC2R 4096 8 6.00 0.9500 6.074 0.930 0.0000e+00
ACC2R 4096 8 6.00 0.9500 6.074 0.960 0.0000e+00
ACC2R 4096 8 6.00 0.9500 6.074 0.980 0.0000e+00
ACC2R 4096 8 6.00 0.9500 6.074 1.000 0.0000e+00
ACC2R 4096 8 6.00 0.9500 7.963 0.900 0.0000e+00
ACC2R 4096 8 6.00 0.9500 7.963 0.930 0.0000e+00
ACC2R 4096 8 6.00 0.9500 7.963 0.960 0.0000e+00
ACC2R 4096 8 6.00 0.9500 7.963 0.980 0.0000e+00
ACC2R 4096 8 6.00 0.9500 7.963 1.000 0.0000e+00
ACC2R 4096 8 6.00 0.9500 15.851 0.900 0.0000e+00
ACC2R 4096 8 6.00 0.9500 15.851 0.930 0.0000e+00
ACC2R 4096 8 6.00 0.9500 15.851 0.960 0.0000e+00
ACC2R 4096 8 6.00 0.9500 15.851 0.980 1.3945e-04
ACC2R 4096 8 6.00 0.9500 15.851 1.000 3.4863e-04
ACC2R 4096 8 6.00 0.9500 31.403 0.900 0.0000e+00
ACC2R 4096 8 6.00 0.9500 31.403 0.930 0.0000e+00
ACC2R 4096 8 6.00 0.9500 31.403 0.960 0.0000e+00
ACC2R 4096 8 6.00 0.9500 31.403 0.980 0.0000e+00
ACC2R 4096 8 6.00 0.9500 31.403 1.000 2.7047e-04
ACC2R 4096 8 6.00 0.9800 1.009 0.900 1.9349e-01
ACC2R 4096 8 6.00 0.9800 1.009 0.930 2.3556e-01
ACC2R 4096 8 6.00 0.9800 1.009 0.960 2.8433e-01
ACC2R 4096 8 6.00 0.9800 1.009 0.980 3.2162e-01
ACC2R 4096 8 6.00 0.9800 1.009 1.000 3.6171e-01
ACC2R 4096 8 6.00 0.9800 1.494 0.900 9.0114e-02
ACC2R 4096 8 6.00 0.9800 1.494 0.930 1.2767e-01
ACC2R 4096 8 6.00 0.9800 1.494 0.960 1.7676e-01
ACC2R 4096 8 6.00 0.9800 1.494 0.980 2.1559e-01
ACC2R 4096 8 6.00 0.9800 1.494 1.000 2.5662e-01
ACC2R 4096 8 6.00 0.9800 1.970 0.900 5.3215e-03
ACC2R 4096 8 6.00 0.9800 1.970 0.930 1.1992e-02
ACC2R 4096 8 6.00 0.9800 1.970 0.960 2.4284e-02
ACC2R 4096 8 6.00 0.9800 1.970 0.980 3.5527e-02
ACC2R 4096 8 6.00 0.9800 1.970 1.000 5.1342e-02
ACC2R 4096 8 6.00 0.9800 3.056 0.900 0.0000e+00
ACC2R 4096 8 6.00 0.9800 3.056 0.930 0.0000e+00
ACC2R 4096 8 6.00 0.9800 3.056 0.960 0.0000e+00
ACC2R 4096 8 6.00 0.9800 3.056 0.980 0.0000e+00
ACC2R 4096 8 6.00 0.9800 3.056 1.000 0.0000e+00
ACC2R 4096 8 6.00 0.9800 3.994 0.900 0.0000e+00
ACC2R 4096 8 6.00 0.9800 3.994 0.930 0.0000e+00
ACC2R 4096 8 6.00 0.9800 3.994 0.960 0.0000e+00
ACC2R 4096 8 6.00 0.9800 3.994 0.980 0.0000e+00
ACC2R 4096 8 6.00 0.9800 3.994 1.000 0.0000e+00
ACC2R 4096 8 6.00 0.9800 6.074 0.900 0.0000e+00
ACC2R 4096 8 6.00 0.9800 6.074 0.930 0.0000e+00
ACC2R 4096 8 6.00 0.9800 6.074 0.960 0.0000e+00
ACC2R 4096 8 6.00 0.9800 6.074 0.980 0.0000e+00
ACC2R 4096 8 6.00 0.9800 6.074 1.000 0.0000e+00
ACC2R 4096 8 6.00 0.9800 7.963 0.900 0.0000e+00
ACC2R 4096 8 6.00 0.9800 7.963 0.930 0.0000e+00
ACC2R 4096 8 6.00 0.9800 7.963 0.960 0.0000e+00
ACC2R 4096 8 6.00 0.9800 7.963 0.980 0.0000e+00
ACC2R 4096 8 6.00 0.9800 7.963 1.000 0.0000e+00
ACC2R 4096 8 6.00 0.9800 15.851 0.900 0.0000e+00
ACC2R 4096 8 6.00 0.9800 15.851 0.930 0.0000e+00
ACC2R 4096 8 6.00 0.9800 15.851 0.960 0.0000e+00
ACC2R 4096 8 6.00 0.9800 15.851 0.980 0.0000e+00
ACC2R 4096 8 6.00 0.9800 15.851 1.000 1.3900e-04
ACC2R 4096 8 6.00 0.9800 31.403 0.900 0.0000e+00
ACC2R 4096 8 6.00 0.9800 31.403 0.930 0.0000e+00
ACC2R 4096 8 6.00 0.9800 31.403 0.960 0.0000e+00
ACC2R 4096 8 6.00 0.9800 31.403 0.980 1.3592e-04
ACC2R 4096 8 6.00 0.9800 31.403 1.000 1.0194e-03
ACC2R 4096 8 6.00 0.9950 1.009 0.900 2.3213e-01
ACC2R 4096 8 6.00 0.9950 1.009 0.930 2.8095e-01
ACC2R 4096 8 6.00 0.9950 1.009 0.960 3.4025e-01
ACC2R 4096 8 6.00 0.9950 1.009 0.980 3.8352e-01
ACC2R 4096 8 6.00 0.9950 1.009 1.000 4.2511e-01
ACC2R 4096 8 6.00 0.9950 1.494 0.900 1.2375e-01
ACC2R 4096 8 6.00 0.9950 1.494 0.930 1.7504e-01
ACC2R 4096 8 6.00 0.9950 1.494 0.960 2.3707e-01
ACC2R 4096 8 6.00 0.9950 1.494 0.980 2.8250e-01
ACC2R 4096 8 6.00 0.9950 1.494 1.000 3.3161e-01
ACC2R 4096 8 6.00 0.9950 1.970 0.900 7.1588e-03
ACC2R 4096 8 6.00 0.9950 1.970 0.930 1.5958e-02
ACC2R 4096 8 6.00 0.9950 1.970 0.960 3.0872e-02
ACC2R 4096 8 6.00 0.9950 1.970 0.980 4.6085e-02
ACC2R 4096 8 6.00 0.9950 1.970 1.000 6.2938e-02
ACC2R 4096 8 6.00 0.9950 3.056 0.900 0.0000e+00
ACC2R 4096 8 6.00 0.9950 3.056 0.930 0.0000e+00
ACC2R 4096 8 6.00 0.9950 3.056 0.960 0.0000e+00
ACC2R 4096 8 6.00 0.9950 3.056 0.980 0.0000e+00
ACC2R 4096 8 6.00 0.9950 3.056 1.000 0.0000e+00
ACC2R 4096 8 6.00 0.9950 3.994 0.900 0.0000e+00
ACC2R 4096 8 6.00 0.9950 3.994 0.930 0.0000e+00
ACC2R 4096 8 6.00 0.9950 3.994 0.960 0.0000e+00
ACC2R 4096 8 6.00 0.9950 3.994 0.980 0.0000e+00
ACC2R 4096 8 6.00 0.9950 3.994 1.000 0.0000e+00
ACC2R 4096 8 6.00 0.9950 6.074 0.900 0.0000e+00
ACC2R 4096 8 6.00 0.9950 6.074 0.930 0.0000e+00
ACC2R 4096 8 6.00 0.9950 6.074 0.960 0.0000e+00
ACC2R 4096 8 6.00 0.9950 6.074 0.980 0.0000e+00
ACC2R 4096 8 6.00 0.9950 6.074 1.000 0.0000e+00
ACC2R 4096 8 6.00 0.9950 7.963 0.900 0.0000e+00
ACC2R 4096 8 6.00 0.9950 7.963 0.930 0.0000e+00
ACC2R 4096 8 6.00 0.9950 7.963 0.960 0.0000e+00
ACC2R 4096 8 6.00 0.9950 7.963 0.980 0.0000e+00
ACC2R 4096 8 6.00 0.9950 7.963 1.000 0.0000e+00
ACC2R 4096 8 6.00 0.9950 15.851 0.900 0.0000e+00
ACC2R 4096 8 6.00 0.9950 15.851 0.930 0.0000e+00
ACC2R 4096 8 6.00 0.9950 15.851 0.960 0.0000e+00
ACC2R 4096 8 6.00 0.9950 15.851 0.980 0.0000e+00
ACC2R 4096 8 6.00 0.9950 15.851 1.000 0.0000e+00
ACC2R 4096 8 6.00 0.9950 31.403 0.900 0.0000e+00
ACC2R 4096 8 6.00 0.9950 31.403 0.930 0.0000e+00
ACC2R 4096 8 6.00 0.9950 31.403 0.960 0.0000e+00
ACC2R 4096 8 6.00 0.9950 31.403 0.980 0.0000e+00
ACC2R 4096 8 6.00 0.9950 31.403 1.000 1.8145e-03
ACC2R 4096 8 6.50 0.8000 1.009 0.900 5.2525e-02
ACC2R 4096 8 6.50 0.8000 1.009 0.930 7.5281e-02
ACC2R 4096 8 6.50 0.8000 1.009 0.960 1.0560e-01
ACC2R 4096 8 6.50 0.8000 1.009 0.980 1.2508e-01
ACC2R 4096 8 6.50 0.8000 1.009 1.000 1.4737e-01
ACC2R 4096 8 6.50 0.8000 1.494 0.900 1.2968e-02
ACC2R 4096 8 6.50 0.8000 1.494 0.930 2.2733e-02
ACC2R 4096 8 6.50 0.8000 1.494 0.960 3.6403e-02
ACC2R 4096 8 6.50 0.8000 1.494 0.980 4.8668e-02
ACC2R 4096 8 6.50 0.8000 1.494 1.000 6.2886e-02
ACC2R 4096 8 6.50 0.8000 1.970 0.900 5.4344e-04
ACC2R 4096 8 6.50 0.8000 1.970 0.930 2.2514e-03
ACC2R 4096 8 6.50 0.8000 1.970 0.960 4.8133e-03
ACC2R 4096 8 6.50 0.8000 1.970 0.980 7.2199e-03
ACC2R 4096 8 6.50 0.8000 1.970 1.000 1.0713e-02
ACC2R 4096 8 6.50 0.8000 3.056 0.900 0.0000e+00
ACC2R 4096 8 6.50 0.8000 3.056 0.930 0.0000e+00
ACC2R 4096 8 6.50 0.8000 3.056 0.960 0.0000e+00
ACC2R 4096 8 6.50 0.8000 3.056 0.980 0.0000e+00
ACC2R 4096 8 6.50 0.8000 3.056 1.000 0.0000e+00
ACC2R 4096 8 6.50 0.8000 3.994 0.900 0.0000e+00
ACC2R 4096 8 6.50 0.8000 3.994 0.930 0.0000e+00
ACC2R 4096 8 6.50 0.8000 3.994 0.960 0.0000e+00
ACC2R 4096 8 6.50 0.8000 3.994 0.980 0.0000e+00
ACC2R 4096 8 6.50 0.8000 3.994 1.000 0.0000e+00
ACC2R 4096 8 6.50 0.8000 6.074 0.900 0.0000e+00
ACC2R 4096 8 6.50 0.8000 6.074 0.930 0.0000e+00
ACC2R 4096 8 6.50 0.8000 6.074 0.960 0.0000e+00
ACC2R 4096 8 6.50 0.8000 6.074 0.980 1.5382e-04
ACC2R 4096 8 6.50 0.8000 6.074 1.000 2.3073e-04
ACC2R 4096 8 6.50 0.8000 7.963 0.900 0.0000e+00
ACC2R 4096 8 6.50 0.8000 7.963 0.930 7.6429e-05
ACC2R 4096 8 6.50 0.8000 7.963 0.960 7.6429e-05
ACC2R 4096 8 6.50 0.8000 7.963 0.980 1.5286e-04
ACC2R 4096 8 6.50 0.8000 7.963 1.000 3.0572e-04
ACC2R 4096 8 6.50 0.8000 15.851 0.900 0.0000e+00
ACC2R 4096 8 6.50 0.8000 15.851 0.930 0.0000e+00
ACC2R 4096 8 6.50 0.8000 15.851 0.960 7.5284e-05
ACC2R 4096 8 6.50 0.8000 15.851 0.980 3.7642e-04
ACC2R 4096 8 6.50 0.8000 15.851 1.000 7.5284e-04
ACC2R 4096 8 6.50 0.8000 31.403 0.900 0.0000e+00
ACC2R 4096 8 6.50 0.8000 31.403 0.930 0.0000e+00
ACC2R 4096 8 6.50 0.8000 31.403 0.960 7.3833e-05
ACC2R 4096 8 6.50 0.8000 31.403 0.980 2.9533e-04
ACC2R 4096 8 6.50 0.8000 31.403 1.000 6.6450e-04
ACC2R 4096 8 6.50 0.9000 1.009 0.900 1.1721e-01
ACC2R 4096 8 6.50 0.9000 1.009 0.930 1.5357e-01
ACC2R 4096 8 6.50 0.9000 1.009 0.960 1.9078e-01
ACC2R 4096 8 6.50 0.9000 1.009 0.980 2.1693e-01
ACC2R 4096 8 6.50 0.9000 1.009 1.000 2.4462e-01
ACC2R 4096 8 6.50 0.9000 1.494 0.900 3.7300e-02
ACC2R 4096 8 6.50 0.9000 1.494 0.930 5.8261e-02
ACC2R 4096 8 6.50 0.9000 1.494 0.960 8.7392e-02
ACC2R 4096 8 6.50 0.9000 1.494 0.980 1.0781e-01
ACC2R 4096 8 6.50 0.9000 1.494 1.000 1.3386e-01
ACC2R 4096 8 6.50 0.9000 1.970 0.900 2.6198e-03
ACC2R 4096 8 6.50 0.9000 1.970 0.930 5.4708e-03
ACC2R 4096 8 6.50 0.9000 1.970 0.960 1.1250e-02
ACC2R 4096 8 6.50 0.9000 1.970 0.980 1.6644e-02
ACC2R 4096 8 6.50 0.9000 1.970 1.000 2.4195e-02
ACC2R 4096 8 6.50 0.9000 3.056 0.900 0.0000e+00
ACC2R 4096 8 6.50 0.9000 3.056 0.930 0.0000e+00
ACC2R 4096 8 6.50 0.9000 3.056 0.960 0.0000e+00
ACC2R 4096 8 6.50 0.9000 3.056 0.980 0.0000e+00
ACC2R 4096 8 6.50 0.9000 3.056 1.000 0.0000e+00
ACC2R 4096 8 6.50 0.9000 3.994 0.900 0.0000e+00
ACC2R 4096 8 6.50 0.9000 3.994 0.930 0.0000e+00
ACC2R 4096 8 6.50 0.9000 3.994 0.960 0.0000e+00
ACC2R 4096 8 6.50 0.9000 3.994 0.980 0.0000e+00
ACC2R 4096 8 6.50 0.9000 3.994 1.000 0.0000e+00
ACC2R 4096 8 6.50 0.9000 6.074 0.900 0.0000e+00
ACC2R 4096 8 6.50 0.9000 6.074 0.930 0.0000e+00
ACC2R 4096 8 6.50 0.9000 6.074 0.960 0.0000e+00
ACC2R 4096 8 6.50 0.9000 6.074 0.980 0.0000e+00
ACC2R 4096 8 6.50 0.9000 6.074 1.000 0.0000e+00
ACC2R 4096 8 6.50 0.9000 7.963 0.900 0.0000e+00
ACC2R 4096 8 6.50 0.9000 7.963 0.930 0.0000e+00
ACC2R 4096 8 6.50 0.9000 7.963 0.960 0.0000e+00
ACC2R 4096 8 6.50 0.9000 7.963 0.980 0.0000e+00
ACC2R 4096 8 6.50 0.9000 7.963 1.000 0.0000e+00
ACC2R 4096 8 6.50 0.9000 15.851 0.900 0.0000e+00
ACC2R 4096 8 6.50 0.9000 15.851 0.930 0.0000e+00
ACC2R 4096 8 6.50 0.9000 15.851 0.960 0.0000e+00
ACC2R 4096 8 6.50 0.9000 15.851 0.980 0.0000e+00
ACC2R 4096 8 6.50 0.9000 15.851 1.000 7.2627e-05
ACC2R 4096 8 6.50 0.9000 31.403 0.900 0.0000e+00
ACC2R 4096 8 6.50 0.9000 31.403 0.930 0.0000e+00
ACC2R 4096 8 6.50 0.9000 31.403 0.960 7.0567e-05
ACC2R 4096 8 6.50 0.9000 31.403 0.980 7.0567e-05
ACC2R 4096 8 6.50 0.9000 31.403 1.000 5.6453e-04
ACC2R 4096 8 6.50 0.9500 1.009 0.900 1.6638e-01
ACC2R 4096 8 6.50 0.9500 1.009 0.930 2.0571e-01
ACC2R 4096 8 6.50 0.9500 1.009 0.960 2.4742e-01
ACC2R 4096 8 6.50 0.9500 1.009 0.980 2.7736e-01
ACC2R 4096 8 6.50 0.9500 1.009 1.000 3.1561e-01
ACC2R 4096 8 6.50 0.9500 1.494 0.900 6.6278e-02
ACC2R 4096 8 6.50 0.9500 1.494 0.930 9.5088e-02
ACC2R 4096 8 6.50 0.9500 1.494 0.960 1.3501e-01
ACC2R 4096 8 6.50 0.9500 1.494 0.980 1.6658e-01
ACC2R 4096 8 6.50 0.9500 1.494 1.000 2.0351e-01
ACC2R 4096 8 6.50 0.9500 1.970 0.900 4.5000e-03
ACC2R 4096 8 6.50 0.9500 1.970 0.930 9.4577e-03
ACC2R 4096 8 6.50 0.9500 1.970 0.960 1.9297e-02
ACC2R 4096 8 6.50 0.9500 1.970 0.980 2.8221e-02
ACC2R 4096 8 6.50 0.9500 1.970 1.000 4.2483e-02
ACC2R 4096 8 6.50 0.9500 3.056 0.900 0.0000e+00
ACC2R 4096 8 6.50 0.9500 3.056 0.930 0.0000e+00
ACC2R 4096 8 6.50 0.9500 3.056 0.960 0.0000e+00
ACC2R 4096 8 6.50 0.9500 3.056 0.980 0.0000e+00
ACC2R 4096 8 6.50 0.9500 3.056 1.000 0.0000e+00
ACC2R 4096 8 6.50 0.9500 3.994 0.900 0.0000e+00
ACC2R 4096 8 6.50 0.9500 3.994 0.930 0.0000e+00
ACC2R 4096 8 6.50 0.9500 3.994 0.960 0.0000e+00
ACC2R 4096 8 6.50 0.9500 3.994 0.980 0.0000e+00
ACC2R 4096 8 6.50 0.9500 3.994 1.000 0.0000e+00
ACC2R 4096 8 6.50 0.9500 6.074 0.900 0.0000e+00
ACC2R 4096 8 6.50 0.9500 6.074 0.930 0.0000e+00
ACC2R 4096 8 6.50 0.9500 6.074 0.960 0.0000e+00
ACC2R 4096 8 6.50 0.9500 6.074 0.980 0.0000e+00
ACC2R 4096 8 6.50 0.9500 6.074 1.000 0.0000e+00
ACC2R 4096 8 6.50 0.9500 7.963 0.900 0.0000e+00
ACC2R 4096 8 6.50 0.9500 7.963 0.930 0.0000e+00
ACC2R 4096 8 6.50 0.9500 7.963 0.960 0.0000e+00
ACC2R 4096 8 6.50 0.9500 7.963 0.980 0.0000e+00
ACC2R 4096 8 6.50 0.9500 7.963 1.000 0.0000e+00
ACC2R 4096 8 6.50 0.9500 15.851 0.900 0.0000e+00
ACC2R 4096 8 6.50 0.9500 15.851 0.930 0.0000e+00
ACC2R 4096 8 6.50 0.9500 15.851 0.960 0.0000e+00
ACC2R 4096 8 6.50 0.9500 15.851 0.980 0.0000e+00
ACC2R 4096 8 6.50 0.9500 15.851 1.000 2.1339e-04
ACC2R 4096 8 6.50 0.9500 31.403 0.900 0.0000e+00
ACC2R 4096 8 6.50 0.9500 31.403 0.930 0.0000e+00
ACC2R 4096 8 6.50 0.9500 31.403 0.960 0.0000e+00
ACC2R 4096 8 6.50 0.9500 31.403 0.980 0.0000e+00
ACC2R 4096 8 6.50 0.9500 31.403 1.000 2.7647e-04
ACC2R 4096 8 6.50 0.9800 1.009 0.900 2.0874e-01
ACC2R 4096 8 6.50 0.9800 1.009 0.930 2.5328e-01
ACC2R 4096 8 6.50 0.9800 1.009 0.960 3.0681e-01
ACC2R 4096 8 6.50 0.9800 1.009 0.980 3.4406e-01
ACC2R 4096 8 6.50 0.9800 1.009 1.000 3.8730e-01
ACC2R 4096 8 6.50 0.9800 1.494 0.900 9.9909e-02
ACC2R 4096 8 6.50 0.9800 1.494 0.930 1.4228e-01
ACC2R 4096 8 6.50 0.9800 1.494 0.960 1.9662e-01
ACC2R 4096 8 6.50 0.9800 1.494 0.980 2.3777e-01
ACC2R 4096 8 6.50 0.9800 1.494 1.000 2.8540e-01
ACC2R 4096 8 6.50 0.9800 1.970 0.900 7.1250e-03
ACC2R 4096 8 6.50 0.9800 1.970 0.930 1.5008e-02
ACC2R 4096 8 6.50 0.9800 1.970 0.960 2.8955e-02
ACC2R 4096 8 6.50 0.9800 1.970 0.980 4.4948e-02
ACC2R 4096 8 6.50 0.9800 1.970 1.000 6.1927e-02
ACC2R 4096 8 6.50 0.9800 3.056 0.900 0.0000e+00
ACC2R 4096 8 6.50 0.9800 3.056 0.930 0.0000e+00
ACC2R 4096 8 6.50 0.9800 3.056 0.960 0.0000e+00
ACC2R 4096 8 6.50 0.9800 3.056 0.980 0.0000e+00
ACC2R 4096 8 6.50 0.9800 3.056 1.000 0.0000e+00
ACC2R 4096 8 6.50 0.9800 3.994 0.900 0.0000e+00
ACC2R 4096 8 6.50 0.9800 3.994 0.930 0.0000e+00
ACC2R 4096 8 6.50 0.9800 3.994 0.960 0.0000e+00
ACC2R 4096 8 6.50 0.9800 3.994 0.980 0.0000e+00
ACC2R 4096 8 6.50 0.9800 3.994 1.000 0.0000e+00
ACC2R 4096 8 6.50 0.9800 6.074 0.900 0.0000e+00
ACC2R 4096 8 6.50 0.9800 6.074 0.930 0.0000e+00
ACC2R 4096 8 6.50 0.9800 6.074 0.960 0.0000e+00
ACC2R 4096 8 6.50 0.9800 6.074 0.980 0.0000e+00
ACC2R 4096 8 6.50 0.9800 6.074 1.000 0.0000e+00
ACC2R 4096 8 6.50 0.9800 7.963 0.900 0.0000e+00
ACC2R 4096 8 6.50 0.9800 7.963 0.930 0.0000e+00
ACC2R 4096 8 6.50 0.9800 7.963 0.960 0.0000e+00
ACC2R 4096 8 6.50 0.9800 7.963 0.980 0.0000e+00
ACC2R 4096 8 6.50 0.9800 7.963 1.000 0.0000e+00
ACC2R 4096 8 6.50 0.9800 15.851 0.900 0.0000e+00
ACC2R 4096 8 6.50 0.9800 15.851 0.930 0.0000e+00
ACC2R 4096 8 6.50 0.9800 15.851 0.960 0.0000e+00
ACC2R 4096 8 6.50 0.9800 15.851 0.980 0.0000e+00
ACC2R 4096 8 6.50 0.9800 15.851 1.000 2.1176e-04
ACC2R 4096 8 6.50 0.9800 31.403 0.900 0.0000e+00
ACC2R 4096 8 6.50 0.9800 31.403 0.930 0.0000e+00
ACC2R 4096 8 6.50 0.9800 31.403 0.960 0.0000e+00
ACC2R 4096 8 6.50 0.9800 31.403 0.980 6.9109e-05
ACC2R 4096 8 6.50 0.9800 31.403 1.000 8.9841e-04
ACC2R 4096 8 6.50 0.9950 1.009 0.900 2.4648e-01
ACC2R 4096 8 6.50 0.9950 1.009 0.930 2.9942e-01
ACC2R 4096 8 6.50 0.9950 1.009 0.960 3.5966e-01
ACC2R 4096 8 6.50 0.9950 1.009 0.980 4.0392e-01
ACC2R 4096 8 6.50 0.9950 1.009 1.000 4.4479e-01
ACC2R 4096 8 6.50 0.9950 1.494 0.900 1.3410e-01
ACC2R 4096 8 6.50 0.9950 1.494 0.930 1.8950e-01
ACC2R 4096 8 6.50 0.9950 1.494 0.960 2.5491e-01
ACC2R 4096 8 6.50 0.9950 1.494 0.980 3.0652e-01
ACC2R 4096 8 6.50 0.9950 1.494 1.000 3.5949e-01
ACC2R 4096 8 6.50 0.9950 1.970 0.900 8.4541e-03
ACC2R 4096 8 6.50 0.9950 1.970 0.930 1.9399e-02
ACC2R 4096 8 6.50 0.9950 1.970 0.960 3.8723e-02
ACC2R 4096 8 6.50 0.9950 1.970 0.980 5.4876e-02
ACC2R 4096 8 6.50 0.9950 1.970 1.000 7.6087e-02
ACC2R 4096 8 6.50 0.9950 3.056 0.900 0.0000e+00
ACC2R 4096 8 6.50 0.9950 3.056 0.930 0.0000e+00
ACC2R 4096 8 6.50 0.9950 3.056 0.960 0.0000e+00
ACC2R 4096 8 6.50 0.9950 3.056 0.980 0.0000e+00
ACC2R 4096 8 6.50 0.9950 3.056 1.000 0.0000e+00
ACC2R 4096 8 6.50 0.9950 3.994 0.900 0.0000e+00
ACC2R 4096 8 6.50 0.9950 3.994 0.930 0.0000e+00
ACC2R 4096 8 6.50 0.9950 3.994 0.960 0.0000e+00
ACC2R 4096 8 6.50 0.9950 3.994 0.980 0.0000e+00
ACC2R 4096 8 6.50 0.9950 3.994 1.000 0.0000e+00
ACC2R 4096 8 6.50 0.9950 6.074 0.900 0.0000e+00
ACC2R 4096 8 6.50 0.9950 6.074 0.930 0.0000e+00
ACC2R 4096 8 6.50 0.9950 6.074 0.960 0.0000e+00
ACC2R 4096 8 6.50 0.9950 6.074 0.980 0.0000e+00
ACC2R 4096 8 6.50 0.9950 6.074 1.000 0.0000e+00
ACC2R 4096 8 6.50 0.9950 7.963 0.900 0.0000e+00
ACC2R 4096 8 6.50 0.9950 7.963 0.930 0.0000e+00
ACC2R 4096 8 6.50 0.9950 7.963 0.960 0.0000e+00
ACC2R 4096 8 6.50 0.9950 7.963 0.980 0.0000e+00
ACC2R 4096 8 6.50 0.9950 7.963 1.000 0.0000e+00
ACC2R 4096 8 6.50 0.9950 15.851 0.900 0.0000e+00
ACC2R 4096 8 6.50 0.9950 15.851 0.930 0.0000e+00
ACC2R 4096 8 6.50 0.9950 15.851 0.960 0.0000e+00
ACC2R 4096 8 6.50 0.9950 15.851 0.980 0.0000e+00
ACC2R 4096 8 6.50 0.9950 15.851 1.000 0.0000e+00
ACC2R 4096 8 6.50 0.9950 31.403 0.900 0.0000e+00
ACC2R 4096 8 6.50 0.9950 31.403 0.930 0.0000e+00
ACC2R 4096 8 6.50 0.9950 31.403 0.960 0.0000e+00
ACC2R 4096 8 6.50 0.9950 31.403 0.980 0.0000e+00
ACC2R 4096 8 6.50 0.9950 31.403 1.000 1.5561e-03
