# THR n snr f ratio fd threshold
# The coarse threshold, measured. Not modelled, not corrected.
# 6000 trials a bisection step.
THR 32768 5.00 0.3000 1.200 1e-03 3.1914
THR 32768 5.00 0.3000 1.500 1e-03 3.1855
THR 32768 5.00 0.3000 2.000 1e-03 3.1973
THR 32768 5.00 0.3000 3.000 1e-03 3.1504
THR 32768 5.00 0.3000 4.000 1e-03 3.1152
THR 32768 5.00 0.3000 6.000 1e-03 3.0449
THR 32768 5.00 0.3000 8.000 1e-03 2.9277
THR 32768 5.00 0.3000 16.000 1e-03 2.6582
THR 32768 5.00 0.4000 1.200 1e-03 3.1973
THR 32768 5.00 0.4000 1.500 1e-03 3.2090
THR 32768 5.00 0.4000 2.000 1e-03 3.2207
THR 32768 5.00 0.4000 3.000 1e-03 3.1855
THR 32768 5.00 0.4000 4.000 1e-03 3.1387
THR 32768 5.00 0.4000 6.000 1e-03 3.0977
THR 32768 5.00 0.4000 8.000 1e-03 3.0215
THR 32768 5.00 0.4000 16.000 1e-03 2.7402
THR 32768 5.00 0.5000 1.200 1e-03 3.2031
THR 32768 5.00 0.5000 1.500 1e-03 3.2266
THR 32768 5.00 0.5000 2.000 1e-03 3.2500
THR 32768 5.00 0.5000 3.000 1e-03 3.1855
THR 32768 5.00 0.5000 4.000 1e-03 3.1504
THR 32768 5.00 0.5000 6.000 1e-03 3.1562
THR 32768 5.00 0.5000 8.000 1e-03 3.0508
THR 32768 5.00 0.5000 16.000 1e-03 2.8809
THR 32768 5.00 0.6000 1.200 1e-03 3.2500
THR 32768 5.00 0.6000 1.500 1e-03 3.2266
THR 32768 5.00 0.6000 2.000 1e-03 3.2852
THR 32768 5.00 0.6000 3.000 1e-03 3.1973
THR 32768 5.00 0.6000 4.000 1e-03 3.2383
THR 32768 5.00 0.6000 6.000 1e-03 3.2207
THR 32768 5.00 0.6000 8.000 1e-03 3.2148
THR 32768 5.00 0.6000 16.000 1e-03 3.0273
THR 32768 5.00 0.7000 1.200 1e-03 3.2734
THR 32768 5.00 0.7000 1.500 1e-03 3.3203
THR 32768 5.00 0.7000 2.000 1e-03 3.3203
THR 32768 5.00 0.7000 3.000 1e-03 3.3672
THR 32768 5.00 0.7000 4.000 1e-03 3.3789
THR 32768 5.00 0.7000 6.000 1e-03 3.4258
THR 32768 5.00 0.7000 8.000 1e-03 3.2969
THR 32768 5.00 0.7000 16.000 1e-03 3.2148
THR 32768 5.00 0.8000 1.200 1e-03 3.3613
THR 32768 5.00 0.8000 1.500 1e-03 3.3613
THR 32768 5.00 0.8000 2.000 1e-03 3.4199
THR 32768 5.00 0.8000 3.000 1e-03 3.5371
THR 32768 5.00 0.8000 4.000 1e-03 3.6191
THR 32768 5.00 0.8000 6.000 1e-03 3.6250
THR 32768 5.00 0.8000 8.000 1e-03 3.6367
THR 32768 5.00 0.8000 16.000 1e-03 3.5605
THR 32768 5.00 0.9000 1.200 1e-03 3.4492
THR 32768 5.00 0.9000 1.500 1e-03 3.4375
THR 32768 5.00 0.9000 2.000 1e-03 3.5664
THR 32768 5.00 0.9000 3.000 1e-03 3.8477
THR 32768 5.00 0.9000 4.000 1e-03 4.0059
THR 32768 5.00 0.9000 6.000 1e-03 4.0820
THR 32768 5.00 0.9000 8.000 1e-03 4.1172
THR 32768 5.00 0.9000 16.000 1e-03 4.0645
THR 32768 5.00 0.9500 1.200 1e-03 3.4785
THR 32768 5.00 0.9500 1.500 1e-03 3.5371
THR 32768 5.00 0.9500 2.000 1e-03 3.7246
THR 32768 5.00 0.9500 3.000 1e-03 4.0234
THR 32768 5.00 0.9500 4.000 1e-03 4.1699
THR 32768 5.00 0.9500 6.000 1e-03 4.3281
THR 32768 5.00 0.9500 8.000 1e-03 4.3281
THR 32768 5.00 0.9500 16.000 1e-03 4.3984
THR 32768 5.00 0.9800 1.200 1e-03 3.4902
THR 32768 5.00 0.9800 1.500 1e-03 3.5547
THR 32768 5.00 0.9800 2.000 1e-03 3.7773
THR 32768 5.00 0.9800 3.000 1e-03 4.1582
THR 32768 5.00 0.9800 4.000 1e-03 4.3633
THR 32768 5.00 0.9800 6.000 1e-03 4.5918
THR 32768 5.00 0.9800 8.000 1e-03 4.5742
THR 32768 5.00 0.9800 16.000 1e-03 4.6387
THR 32768 5.00 0.9950 1.200 1e-03 3.5195
THR 32768 5.00 0.9950 1.500 1e-03 3.5605
THR 32768 5.00 0.9950 2.000 1e-03 3.7949
THR 32768 5.00 0.9950 3.000 1e-03 4.2168
THR 32768 5.00 0.9950 4.000 1e-03 4.4746
THR 32768 5.00 0.9950 6.000 1e-03 4.7383
THR 32768 5.00 0.9950 8.000 1e-03 4.7910
THR 32768 5.00 0.9950 16.000 1e-03 4.8320
THR 32768 5.50 0.3000 1.200 1e-03 3.1947
THR 32768 5.50 0.3000 1.500 1e-03 3.2012
THR 32768 5.50 0.3000 2.000 1e-03 3.2205
THR 32768 5.50 0.3000 3.000 1e-03 3.1689
THR 32768 5.50 0.3000 4.000 1e-03 3.1303
THR 32768 5.50 0.3000 6.000 1e-03 3.0658
THR 32768 5.50 0.3000 8.000 1e-03 2.9691
THR 32768 5.50 0.3000 16.000 1e-03 2.7500
THR 32768 5.50 0.4000 1.200 1e-03 3.2076
THR 32768 5.50 0.4000 1.500 1e-03 3.2270
THR 32768 5.50 0.4000 2.000 1e-03 3.2398
THR 32768 5.50 0.4000 3.000 1e-03 3.1883
THR 32768 5.50 0.4000 4.000 1e-03 3.1496
THR 32768 5.50 0.4000 6.000 1e-03 3.1432
THR 32768 5.50 0.4000 8.000 1e-03 3.0529
THR 32768 5.50 0.4000 16.000 1e-03 2.8016
THR 32768 5.50 0.5000 1.200 1e-03 3.2463
THR 32768 5.50 0.5000 1.500 1e-03 3.2270
THR 32768 5.50 0.5000 2.000 1e-03 3.2850
THR 32768 5.50 0.5000 3.000 1e-03 3.1947
THR 32768 5.50 0.5000 4.000 1e-03 3.2398
THR 32768 5.50 0.5000 6.000 1e-03 3.1883
THR 32768 5.50 0.5000 8.000 1e-03 3.0723
THR 32768 5.50 0.5000 16.000 1e-03 2.9627
THR 32768 5.50 0.6000 1.200 1e-03 3.2785
THR 32768 5.50 0.6000 1.500 1e-03 3.3172
THR 32768 5.50 0.6000 2.000 1e-03 3.3172
THR 32768 5.50 0.6000 3.000 1e-03 3.2592
THR 32768 5.50 0.6000 4.000 1e-03 3.3365
THR 32768 5.50 0.6000 6.000 1e-03 3.3494
THR 32768 5.50 0.6000 8.000 1e-03 3.3301
THR 32768 5.50 0.6000 16.000 1e-03 3.1883
THR 32768 5.50 0.7000 1.200 1e-03 3.3752
THR 32768 5.50 0.7000 1.500 1e-03 3.3945
THR 32768 5.50 0.7000 2.000 1e-03 3.4332
THR 32768 5.50 0.7000 3.000 1e-03 3.4912
THR 32768 5.50 0.7000 4.000 1e-03 3.5105
THR 32768 5.50 0.7000 6.000 1e-03 3.5557
THR 32768 5.50 0.7000 8.000 1e-03 3.6395
THR 32768 5.50 0.7000 16.000 1e-03 3.4912
THR 32768 5.50 0.8000 1.200 1e-03 3.4912
THR 32768 5.50 0.8000 1.500 1e-03 3.4461
THR 32768 5.50 0.8000 2.000 1e-03 3.5234
THR 32768 5.50 0.8000 3.000 1e-03 3.8457
THR 32768 5.50 0.8000 4.000 1e-03 3.8006
THR 32768 5.50 0.8000 6.000 1e-03 3.9166
THR 32768 5.50 0.8000 8.000 1e-03 3.8779
THR 32768 5.50 0.8000 16.000 1e-03 3.9811
THR 32768 5.50 0.9000 1.200 1e-03 3.5814
THR 32768 5.50 0.9000 1.500 1e-03 3.6588
THR 32768 5.50 0.9000 2.000 1e-03 3.7684
THR 32768 5.50 0.9000 3.000 1e-03 4.1938
THR 32768 5.50 0.9000 4.000 1e-03 4.3484
THR 32768 5.50 0.9000 6.000 1e-03 4.5289
THR 32768 5.50 0.9000 8.000 1e-03 4.5482
THR 32768 5.50 0.9000 16.000 1e-03 4.5160
THR 32768 5.50 0.9500 1.200 1e-03 3.6395
THR 32768 5.50 0.9500 1.500 1e-03 3.7748
THR 32768 5.50 0.9500 2.000 1e-03 4.0648
THR 32768 5.50 0.9500 3.000 1e-03 4.4645
THR 32768 5.50 0.9500 4.000 1e-03 4.6385
THR 32768 5.50 0.9500 6.000 1e-03 4.8125
THR 32768 5.50 0.9500 8.000 1e-03 4.7803
THR 32768 5.50 0.9500 16.000 1e-03 4.9414
THR 32768 5.50 0.9800 1.200 1e-03 3.6717
THR 32768 5.50 0.9800 1.500 1e-03 3.8457
THR 32768 5.50 0.9800 2.000 1e-03 4.1293
THR 32768 5.50 0.9800 3.000 1e-03 4.5482
THR 32768 5.50 0.9800 4.000 1e-03 4.8061
THR 32768 5.50 0.9800 6.000 1e-03 5.1090
THR 32768 5.50 0.9800 8.000 1e-03 5.1477
THR 32768 5.50 0.9800 16.000 1e-03 5.1283
THR 32768 5.50 0.9950 1.200 1e-03 3.6975
THR 32768 5.50 0.9950 1.500 1e-03 3.8779
THR 32768 5.50 0.9950 2.000 1e-03 4.1680
THR 32768 5.50 0.9950 3.000 1e-03 4.6836
THR 32768 5.50 0.9950 4.000 1e-03 4.9350
THR 32768 5.50 0.9950 6.000 1e-03 5.2250
THR 32768 5.50 0.9950 8.000 1e-03 5.2830
THR 32768 5.50 0.9950 16.000 1e-03 5.3410
THR 32768 6.00 0.3000 1.200 1e-03 3.2250
THR 32768 6.00 0.3000 1.500 1e-03 3.2109
THR 32768 6.00 0.3000 2.000 1e-03 3.2250
THR 32768 6.00 0.3000 3.000 1e-03 3.1898
THR 32768 6.00 0.3000 4.000 1e-03 3.1336
THR 32768 6.00 0.3000 6.000 1e-03 3.1055
THR 32768 6.00 0.3000 8.000 1e-03 3.0211
THR 32768 6.00 0.3000 16.000 1e-03 3.0000
THR 32768 6.00 0.4000 1.200 1e-03 3.2320
THR 32768 6.00 0.4000 1.500 1e-03 3.2250
THR 32768 6.00 0.4000 2.000 1e-03 3.2602
THR 32768 6.00 0.4000 3.000 1e-03 3.1898
THR 32768 6.00 0.4000 4.000 1e-03 3.2109
THR 32768 6.00 0.4000 6.000 1e-03 3.1828
THR 32768 6.00 0.4000 8.000 1e-03 3.0562
THR 32768 6.00 0.4000 16.000 1e-03 3.0000
THR 32768 6.00 0.5000 1.200 1e-03 3.2602
THR 32768 6.00 0.5000 1.500 1e-03 3.2391
THR 32768 6.00 0.5000 2.000 1e-03 3.3023
THR 32768 6.00 0.5000 3.000 1e-03 3.2461
THR 32768 6.00 0.5000 4.000 1e-03 3.2953
THR 32768 6.00 0.5000 6.000 1e-03 3.3234
THR 32768 6.00 0.5000 8.000 1e-03 3.2250
THR 32768 6.00 0.5000 16.000 1e-03 3.1688
THR 32768 6.00 0.6000 1.200 1e-03 3.3586
THR 32768 6.00 0.6000 1.500 1e-03 3.3727
THR 32768 6.00 0.6000 2.000 1e-03 3.3164
THR 32768 6.00 0.6000 3.000 1e-03 3.4570
THR 32768 6.00 0.6000 4.000 1e-03 3.4430
THR 32768 6.00 0.6000 6.000 1e-03 3.4008
THR 32768 6.00 0.6000 8.000 1e-03 3.4922
THR 32768 6.00 0.6000 16.000 1e-03 3.3445
THR 32768 6.00 0.7000 1.200 1e-03 3.4641
THR 32768 6.00 0.7000 1.500 1e-03 3.4641
THR 32768 6.00 0.7000 2.000 1e-03 3.4992
THR 32768 6.00 0.7000 3.000 1e-03 3.5977
THR 32768 6.00 0.7000 4.000 1e-03 3.7172
THR 32768 6.00 0.7000 6.000 1e-03 3.8156
THR 32768 6.00 0.7000 8.000 1e-03 3.8508
THR 32768 6.00 0.7000 16.000 1e-03 3.8086
THR 32768 6.00 0.8000 1.200 1e-03 3.5766
THR 32768 6.00 0.8000 1.500 1e-03 3.6609
THR 32768 6.00 0.8000 2.000 1e-03 3.6820
THR 32768 6.00 0.8000 3.000 1e-03 4.1461
THR 32768 6.00 0.8000 4.000 1e-03 4.2023
THR 32768 6.00 0.8000 6.000 1e-03 4.2586
THR 32768 6.00 0.8000 8.000 1e-03 4.2094
THR 32768 6.00 0.8000 16.000 1e-03 4.4062
THR 32768 6.00 0.9000 1.200 1e-03 3.7875
THR 32768 6.00 0.9000 1.500 1e-03 3.7523
THR 32768 6.00 0.9000 2.000 1e-03 4.0969
THR 32768 6.00 0.9000 3.000 1e-03 4.5820
THR 32768 6.00 0.9000 4.000 1e-03 4.8281
THR 32768 6.00 0.9000 6.000 1e-03 4.9969
THR 32768 6.00 0.9000 8.000 1e-03 5.0320
THR 32768 6.00 0.9000 16.000 1e-03 4.9828
THR 32768 6.00 0.9500 1.200 1e-03 3.8086
THR 32768 6.00 0.9500 1.500 1e-03 4.0055
THR 32768 6.00 0.9500 2.000 1e-03 4.3430
THR 32768 6.00 0.9500 3.000 1e-03 4.8984
THR 32768 6.00 0.9500 4.000 1e-03 5.1375
THR 32768 6.00 0.9500 6.000 1e-03 5.2852
THR 32768 6.00 0.9500 8.000 1e-03 5.2500
THR 32768 6.00 0.9500 16.000 1e-03 5.4117
THR 32768 6.00 0.9800 1.200 1e-03 3.8719
THR 32768 6.00 0.9800 1.500 1e-03 4.1602
THR 32768 6.00 0.9800 2.000 1e-03 4.4906
THR 32768 6.00 0.9800 3.000 1e-03 4.9969
THR 32768 6.00 0.9800 4.000 1e-03 5.3063
THR 32768 6.00 0.9800 6.000 1e-03 5.6016
THR 32768 6.00 0.9800 8.000 1e-03 5.6297
THR 32768 6.00 0.9800 16.000 1e-03 5.6297
THR 32768 6.00 0.9950 1.200 1e-03 3.9000
THR 32768 6.00 0.9950 1.500 1e-03 4.1953
THR 32768 6.00 0.9950 2.000 1e-03 4.5398
THR 32768 6.00 0.9950 3.000 1e-03 5.0461
THR 32768 6.00 0.9950 4.000 1e-03 5.4609
THR 32768 6.00 0.9950 6.000 1e-03 5.7211
THR 32768 6.00 0.9950 8.000 1e-03 5.7633
THR 32768 6.00 0.9950 16.000 1e-03 5.8336
THR 32768 6.50 0.3000 1.200 1e-03 3.2500
THR 32768 6.50 0.3000 1.500 1e-03 3.2500
THR 32768 6.50 0.3000 2.000 1e-03 3.2500
THR 32768 6.50 0.3000 3.000 1e-03 3.2500
THR 32768 6.50 0.3000 4.000 1e-03 3.2500
THR 32768 6.50 0.3000 6.000 1e-03 3.2500
THR 32768 6.50 0.3000 8.000 1e-03 3.2500
THR 32768 6.50 0.3000 16.000 1e-03 3.2500
THR 32768 6.50 0.4000 1.200 1e-03 3.2500
THR 32768 6.50 0.4000 1.500 1e-03 3.2500
THR 32768 6.50 0.4000 2.000 1e-03 3.2881
THR 32768 6.50 0.4000 3.000 1e-03 3.2500
THR 32768 6.50 0.4000 4.000 1e-03 3.2500
THR 32768 6.50 0.4000 6.000 1e-03 3.2500
THR 32768 6.50 0.4000 8.000 1e-03 3.2500
THR 32768 6.50 0.4000 16.000 1e-03 3.2500
THR 32768 6.50 0.5000 1.200 1e-03 3.2805
THR 32768 6.50 0.5000 1.500 1e-03 3.2652
THR 32768 6.50 0.5000 2.000 1e-03 3.3033
THR 32768 6.50 0.5000 3.000 1e-03 3.3262
THR 32768 6.50 0.5000 4.000 1e-03 3.3947
THR 32768 6.50 0.5000 6.000 1e-03 3.3566
THR 32768 6.50 0.5000 8.000 1e-03 3.2500
THR 32768 6.50 0.5000 16.000 1e-03 3.3033
THR 32768 6.50 0.6000 1.200 1e-03 3.4480
THR 32768 6.50 0.6000 1.500 1e-03 3.4100
THR 32768 6.50 0.6000 2.000 1e-03 3.4633
THR 32768 6.50 0.6000 3.000 1e-03 3.5928
THR 32768 6.50 0.6000 4.000 1e-03 3.6461
THR 32768 6.50 0.6000 6.000 1e-03 3.6766
THR 32768 6.50 0.6000 8.000 1e-03 3.7070
THR 32768 6.50 0.6000 16.000 1e-03 3.5852
THR 32768 6.50 0.7000 1.200 1e-03 3.5775
THR 32768 6.50 0.7000 1.500 1e-03 3.6156
THR 32768 6.50 0.7000 2.000 1e-03 3.6766
THR 32768 6.50 0.7000 3.000 1e-03 3.7527
THR 32768 6.50 0.7000 4.000 1e-03 3.9889
THR 32768 6.50 0.7000 6.000 1e-03 4.1336
THR 32768 6.50 0.7000 8.000 1e-03 4.1717
THR 32768 6.50 0.7000 16.000 1e-03 4.2555
THR 32768 6.50 0.8000 1.200 1e-03 3.7908
THR 32768 6.50 0.8000 1.500 1e-03 3.8213
THR 32768 6.50 0.8000 2.000 1e-03 3.9584
THR 32768 6.50 0.8000 3.000 1e-03 4.5068
THR 32768 6.50 0.8000 4.000 1e-03 4.5982
THR 32768 6.50 0.8000 6.000 1e-03 4.7049
THR 32768 6.50 0.8000 8.000 1e-03 4.6592
THR 32768 6.50 0.8000 16.000 1e-03 4.8420
THR 32768 6.50 0.9000 1.200 1e-03 4.0117
THR 32768 6.50 0.9000 1.500 1e-03 4.1031
THR 32768 6.50 0.9000 2.000 1e-03 4.5145
THR 32768 6.50 0.9000 3.000 1e-03 5.0400
THR 32768 6.50 0.9000 4.000 1e-03 5.2381
THR 32768 6.50 0.9000 6.000 1e-03 5.4514
THR 32768 6.50 0.9000 8.000 1e-03 5.5352
THR 32768 6.50 0.9000 16.000 1e-03 5.4514
THR 32768 6.50 0.9500 1.200 1e-03 4.1260
THR 32768 6.50 0.9500 1.500 1e-03 4.3316
THR 32768 6.50 0.9500 2.000 1e-03 4.7354
THR 32768 6.50 0.9500 3.000 1e-03 5.3219
THR 32768 6.50 0.9500 4.000 1e-03 5.5961
THR 32768 6.50 0.9500 6.000 1e-03 5.7865
THR 32768 6.50 0.9500 8.000 1e-03 5.7256
THR 32768 6.50 0.9500 16.000 1e-03 5.9008
THR 32768 6.50 0.9800 1.200 1e-03 4.1945
THR 32768 6.50 0.9800 1.500 1e-03 4.4688
THR 32768 6.50 0.9800 2.000 1e-03 4.8877
THR 32768 6.50 0.9800 3.000 1e-03 5.4742
THR 32768 6.50 0.9800 4.000 1e-03 5.7865
THR 32768 6.50 0.9800 6.000 1e-03 6.0760
THR 32768 6.50 0.9800 8.000 1e-03 6.1141
THR 32768 6.50 0.9800 16.000 1e-03 6.1064
THR 32768 6.50 0.9950 1.200 1e-03 4.2250
THR 32768 6.50 0.9950 1.500 1e-03 4.5068
THR 32768 6.50 0.9950 2.000 1e-03 4.9563
THR 32768 6.50 0.9950 3.000 1e-03 5.5275
THR 32768 6.50 0.9950 4.000 1e-03 5.9313
THR 32768 6.50 0.9950 6.000 1e-03 6.1979
THR 32768 6.50 0.9950 8.000 1e-03 6.2740
THR 32768 6.50 0.9950 16.000 1e-03 6.3273
THR 32768 5.00 0.3000 1.200 1e-02 3.3086
THR 32768 5.00 0.3000 1.500 1e-02 3.3027
THR 32768 5.00 0.3000 2.000 1e-02 3.2969
THR 32768 5.00 0.3000 3.000 1e-02 3.2676
THR 32768 5.00 0.3000 4.000 1e-02 3.2559
THR 32768 5.00 0.3000 6.000 1e-02 3.1914
THR 32768 5.00 0.3000 8.000 1e-02 3.0859
THR 32768 5.00 0.3000 16.000 1e-02 2.8867
THR 32768 5.00 0.4000 1.200 1e-02 3.3262
THR 32768 5.00 0.4000 1.500 1e-02 3.3262
THR 32768 5.00 0.4000 2.000 1e-02 3.3203
THR 32768 5.00 0.4000 3.000 1e-02 3.3262
THR 32768 5.00 0.4000 4.000 1e-02 3.2969
THR 32768 5.00 0.4000 6.000 1e-02 3.2441
THR 32768 5.00 0.4000 8.000 1e-02 3.1973
THR 32768 5.00 0.4000 16.000 1e-02 2.9688
THR 32768 5.00 0.5000 1.200 1e-02 3.3555
THR 32768 5.00 0.5000 1.500 1e-02 3.3672
THR 32768 5.00 0.5000 2.000 1e-02 3.3672
THR 32768 5.00 0.5000 3.000 1e-02 3.3848
THR 32768 5.00 0.5000 4.000 1e-02 3.3789
THR 32768 5.00 0.5000 6.000 1e-02 3.3379
THR 32768 5.00 0.5000 8.000 1e-02 3.2852
THR 32768 5.00 0.5000 16.000 1e-02 3.1270
THR 32768 5.00 0.6000 1.200 1e-02 3.4082
THR 32768 5.00 0.6000 1.500 1e-02 3.4141
THR 32768 5.00 0.6000 2.000 1e-02 3.4316
THR 32768 5.00 0.6000 3.000 1e-02 3.4668
THR 32768 5.00 0.6000 4.000 1e-02 3.4668
THR 32768 5.00 0.6000 6.000 1e-02 3.4609
THR 32768 5.00 0.6000 8.000 1e-02 3.3965
THR 32768 5.00 0.6000 16.000 1e-02 3.2969
THR 32768 5.00 0.7000 1.200 1e-02 3.4551
THR 32768 5.00 0.7000 1.500 1e-02 3.4902
THR 32768 5.00 0.7000 2.000 1e-02 3.5020
THR 32768 5.00 0.7000 3.000 1e-02 3.5898
THR 32768 5.00 0.7000 4.000 1e-02 3.6191
THR 32768 5.00 0.7000 6.000 1e-02 3.6309
THR 32768 5.00 0.7000 8.000 1e-02 3.5957
THR 32768 5.00 0.7000 16.000 1e-02 3.5898
THR 32768 5.00 0.8000 1.200 1e-02 3.5430
THR 32768 5.00 0.8000 1.500 1e-02 3.5840
THR 32768 5.00 0.8000 2.000 1e-02 3.6660
THR 32768 5.00 0.8000 3.000 1e-02 3.8008
THR 32768 5.00 0.8000 4.000 1e-02 3.8301
THR 32768 5.00 0.8000 6.000 1e-02 3.9473
THR 32768 5.00 0.8000 8.000 1e-02 3.9297
THR 32768 5.00 0.8000 16.000 1e-02 3.9180
THR 32768 5.00 0.9000 1.200 1e-02 3.6191
THR 32768 5.00 0.9000 1.500 1e-02 3.6777
THR 32768 5.00 0.9000 2.000 1e-02 3.8418
THR 32768 5.00 0.9000 3.000 1e-02 4.1406
THR 32768 5.00 0.9000 4.000 1e-02 4.2344
THR 32768 5.00 0.9000 6.000 1e-02 4.2930
THR 32768 5.00 0.9000 8.000 1e-02 4.3223
THR 32768 5.00 0.9000 16.000 1e-02 4.3574
THR 32768 5.00 0.9500 1.200 1e-02 3.6484
THR 32768 5.00 0.9500 1.500 1e-02 3.7832
THR 32768 5.00 0.9500 2.000 1e-02 3.9648
THR 32768 5.00 0.9500 3.000 1e-02 4.3223
THR 32768 5.00 0.9500 4.000 1e-02 4.4746
THR 32768 5.00 0.9500 6.000 1e-02 4.5508
THR 32768 5.00 0.9500 8.000 1e-02 4.5625
THR 32768 5.00 0.9500 16.000 1e-02 4.5859
THR 32768 5.00 0.9800 1.200 1e-02 3.6777
THR 32768 5.00 0.9800 1.500 1e-02 3.8359
THR 32768 5.00 0.9800 2.000 1e-02 4.0527
THR 32768 5.00 0.9800 3.000 1e-02 4.4336
THR 32768 5.00 0.9800 4.000 1e-02 4.6035
THR 32768 5.00 0.9800 6.000 1e-02 4.7148
THR 32768 5.00 0.9800 8.000 1e-02 4.7441
THR 32768 5.00 0.9800 16.000 1e-02 4.7500
THR 32768 5.00 0.9950 1.200 1e-02 3.7012
THR 32768 5.00 0.9950 1.500 1e-02 3.8770
THR 32768 5.00 0.9950 2.000 1e-02 4.0762
THR 32768 5.00 0.9950 3.000 1e-02 4.5098
THR 32768 5.00 0.9950 4.000 1e-02 4.6855
THR 32768 5.00 0.9950 6.000 1e-02 4.8438
THR 32768 5.00 0.9950 8.000 1e-02 4.8672
THR 32768 5.00 0.9950 16.000 1e-02 4.8965
THR 32768 5.50 0.3000 1.200 1e-02 3.3236
THR 32768 5.50 0.3000 1.500 1e-02 3.3301
THR 32768 5.50 0.3000 2.000 1e-02 3.3172
THR 32768 5.50 0.3000 3.000 1e-02 3.2785
THR 32768 5.50 0.3000 4.000 1e-02 3.2979
THR 32768 5.50 0.3000 6.000 1e-02 3.2141
THR 32768 5.50 0.3000 8.000 1e-02 3.1367
THR 32768 5.50 0.3000 16.000 1e-02 2.9305
THR 32768 5.50 0.4000 1.200 1e-02 3.3494
THR 32768 5.50 0.4000 1.500 1e-02 3.3688
THR 32768 5.50 0.4000 2.000 1e-02 3.3494
THR 32768 5.50 0.4000 3.000 1e-02 3.3559
THR 32768 5.50 0.4000 4.000 1e-02 3.3430
THR 32768 5.50 0.4000 6.000 1e-02 3.3043
THR 32768 5.50 0.4000 8.000 1e-02 3.2463
THR 32768 5.50 0.4000 16.000 1e-02 3.0787
THR 32768 5.50 0.5000 1.200 1e-02 3.3816
THR 32768 5.50 0.5000 1.500 1e-02 3.3945
THR 32768 5.50 0.5000 2.000 1e-02 3.4203
THR 32768 5.50 0.5000 3.000 1e-02 3.4525
THR 32768 5.50 0.5000 4.000 1e-02 3.4396
THR 32768 5.50 0.5000 6.000 1e-02 3.4268
THR 32768 5.50 0.5000 8.000 1e-02 3.3816
THR 32768 5.50 0.5000 16.000 1e-02 3.2205
THR 32768 5.50 0.6000 1.200 1e-02 3.4461
THR 32768 5.50 0.6000 1.500 1e-02 3.4783
THR 32768 5.50 0.6000 2.000 1e-02 3.4977
THR 32768 5.50 0.6000 3.000 1e-02 3.5621
THR 32768 5.50 0.6000 4.000 1e-02 3.6008
THR 32768 5.50 0.6000 6.000 1e-02 3.5879
THR 32768 5.50 0.6000 8.000 1e-02 3.5943
THR 32768 5.50 0.6000 16.000 1e-02 3.5299
THR 32768 5.50 0.7000 1.200 1e-02 3.5557
THR 32768 5.50 0.7000 1.500 1e-02 3.5879
THR 32768 5.50 0.7000 2.000 1e-02 3.6395
THR 32768 5.50 0.7000 3.000 1e-02 3.7490
THR 32768 5.50 0.7000 4.000 1e-02 3.8393
THR 32768 5.50 0.7000 6.000 1e-02 3.8973
THR 32768 5.50 0.7000 8.000 1e-02 3.9037
THR 32768 5.50 0.7000 16.000 1e-02 3.9230
THR 32768 5.50 0.8000 1.200 1e-02 3.6459
THR 32768 5.50 0.8000 1.500 1e-02 3.7168
THR 32768 5.50 0.8000 2.000 1e-02 3.8844
THR 32768 5.50 0.8000 3.000 1e-02 4.0520
THR 32768 5.50 0.8000 4.000 1e-02 4.1680
THR 32768 5.50 0.8000 6.000 1e-02 4.3162
THR 32768 5.50 0.8000 8.000 1e-02 4.3033
THR 32768 5.50 0.8000 16.000 1e-02 4.3227
THR 32768 5.50 0.9000 1.200 1e-02 3.7877
THR 32768 5.50 0.9000 1.500 1e-02 3.9359
THR 32768 5.50 0.9000 2.000 1e-02 4.1615
THR 32768 5.50 0.9000 3.000 1e-02 4.5418
THR 32768 5.50 0.9000 4.000 1e-02 4.6707
THR 32768 5.50 0.9000 6.000 1e-02 4.7480
THR 32768 5.50 0.9000 8.000 1e-02 4.7803
THR 32768 5.50 0.9000 16.000 1e-02 4.8318
THR 32768 5.50 0.9500 1.200 1e-02 3.8264
THR 32768 5.50 0.9500 1.500 1e-02 4.0648
THR 32768 5.50 0.9500 2.000 1e-02 4.2969
THR 32768 5.50 0.9500 3.000 1e-02 4.7223
THR 32768 5.50 0.9500 4.000 1e-02 4.9092
THR 32768 5.50 0.9500 6.000 1e-02 5.0510
THR 32768 5.50 0.9500 8.000 1e-02 5.0445
THR 32768 5.50 0.9500 16.000 1e-02 5.0896
THR 32768 5.50 0.9800 1.200 1e-02 3.9037
THR 32768 5.50 0.9800 1.500 1e-02 4.1551
THR 32768 5.50 0.9800 2.000 1e-02 4.4193
THR 32768 5.50 0.9800 3.000 1e-02 4.8641
THR 32768 5.50 0.9800 4.000 1e-02 5.0832
THR 32768 5.50 0.9800 6.000 1e-02 5.2186
THR 32768 5.50 0.9800 8.000 1e-02 5.2572
THR 32768 5.50 0.9800 16.000 1e-02 5.2637
THR 32768 5.50 0.9950 1.200 1e-02 3.9230
THR 32768 5.50 0.9950 1.500 1e-02 4.1873
THR 32768 5.50 0.9950 2.000 1e-02 4.4709
THR 32768 5.50 0.9950 3.000 1e-02 4.9414
THR 32768 5.50 0.9950 4.000 1e-02 5.1412
THR 32768 5.50 0.9950 6.000 1e-02 5.3281
THR 32768 5.50 0.9950 8.000 1e-02 5.3797
THR 32768 5.50 0.9950 16.000 1e-02 5.3926
THR 32768 6.00 0.3000 1.200 1e-02 3.3375
THR 32768 6.00 0.3000 1.500 1e-02 3.3516
THR 32768 6.00 0.3000 2.000 1e-02 3.3305
THR 32768 6.00 0.3000 3.000 1e-02 3.3234
THR 32768 6.00 0.3000 4.000 1e-02 3.3023
THR 32768 6.00 0.3000 6.000 1e-02 3.2320
THR 32768 6.00 0.3000 8.000 1e-02 3.1898
THR 32768 6.00 0.3000 16.000 1e-02 3.0000
THR 32768 6.00 0.4000 1.200 1e-02 3.3586
THR 32768 6.00 0.4000 1.500 1e-02 3.3797
THR 32768 6.00 0.4000 2.000 1e-02 3.3867
THR 32768 6.00 0.4000 3.000 1e-02 3.4078
THR 32768 6.00 0.4000 4.000 1e-02 3.3938
THR 32768 6.00 0.4000 6.000 1e-02 3.3656
THR 32768 6.00 0.4000 8.000 1e-02 3.3234
THR 32768 6.00 0.4000 16.000 1e-02 3.1617
THR 32768 6.00 0.5000 1.200 1e-02 3.4219
THR 32768 6.00 0.5000 1.500 1e-02 3.4570
THR 32768 6.00 0.5000 2.000 1e-02 3.4781
THR 32768 6.00 0.5000 3.000 1e-02 3.5063
THR 32768 6.00 0.5000 4.000 1e-02 3.5555
THR 32768 6.00 0.5000 6.000 1e-02 3.5344
THR 32768 6.00 0.5000 8.000 1e-02 3.5063
THR 32768 6.00 0.5000 16.000 1e-02 3.3797
THR 32768 6.00 0.6000 1.200 1e-02 3.5484
THR 32768 6.00 0.6000 1.500 1e-02 3.5625
THR 32768 6.00 0.6000 2.000 1e-02 3.6258
THR 32768 6.00 0.6000 3.000 1e-02 3.7313
THR 32768 6.00 0.6000 4.000 1e-02 3.7383
THR 32768 6.00 0.6000 6.000 1e-02 3.7664
THR 32768 6.00 0.6000 8.000 1e-02 3.7875
THR 32768 6.00 0.6000 16.000 1e-02 3.7313
THR 32768 6.00 0.7000 1.200 1e-02 3.6539
THR 32768 6.00 0.7000 1.500 1e-02 3.7172
THR 32768 6.00 0.7000 2.000 1e-02 3.8508
THR 32768 6.00 0.7000 3.000 1e-02 4.0266
THR 32768 6.00 0.7000 4.000 1e-02 4.1320
THR 32768 6.00 0.7000 6.000 1e-02 4.1883
THR 32768 6.00 0.7000 8.000 1e-02 4.2445
THR 32768 6.00 0.7000 16.000 1e-02 4.2516
THR 32768 6.00 0.8000 1.200 1e-02 3.8086
THR 32768 6.00 0.8000 1.500 1e-02 3.9492
THR 32768 6.00 0.8000 2.000 1e-02 4.1742
THR 32768 6.00 0.8000 3.000 1e-02 4.4695
THR 32768 6.00 0.8000 4.000 1e-02 4.5961
THR 32768 6.00 0.8000 6.000 1e-02 4.7438
THR 32768 6.00 0.8000 8.000 1e-02 4.7508
THR 32768 6.00 0.8000 16.000 1e-02 4.7438
THR 32768 6.00 0.9000 1.200 1e-02 3.9703
THR 32768 6.00 0.9000 1.500 1e-02 4.2305
THR 32768 6.00 0.9000 2.000 1e-02 4.5188
THR 32768 6.00 0.9000 3.000 1e-02 4.9406
THR 32768 6.00 0.9000 4.000 1e-02 5.1094
THR 32768 6.00 0.9000 6.000 1e-02 5.2219
THR 32768 6.00 0.9000 8.000 1e-02 5.2430
THR 32768 6.00 0.9000 16.000 1e-02 5.2992
THR 32768 6.00 0.9500 1.200 1e-02 4.0828
THR 32768 6.00 0.9500 1.500 1e-02 4.3711
THR 32768 6.00 0.9500 2.000 1e-02 4.6945
THR 32768 6.00 0.9500 3.000 1e-02 5.2008
THR 32768 6.00 0.9500 4.000 1e-02 5.4117
THR 32768 6.00 0.9500 6.000 1e-02 5.5313
THR 32768 6.00 0.9500 8.000 1e-02 5.5313
THR 32768 6.00 0.9500 16.000 1e-02 5.5664
THR 32768 6.00 0.9800 1.200 1e-02 4.1602
THR 32768 6.00 0.9800 1.500 1e-02 4.4766
THR 32768 6.00 0.9800 2.000 1e-02 4.8422
THR 32768 6.00 0.9800 3.000 1e-02 5.3203
THR 32768 6.00 0.9800 4.000 1e-02 5.5594
THR 32768 6.00 0.9800 6.000 1e-02 5.7070
THR 32768 6.00 0.9800 8.000 1e-02 5.7563
THR 32768 6.00 0.9800 16.000 1e-02 5.7492
THR 32768 6.00 0.9950 1.200 1e-02 4.1953
THR 32768 6.00 0.9950 1.500 1e-02 4.5398
THR 32768 6.00 0.9950 2.000 1e-02 4.8914
THR 32768 6.00 0.9950 3.000 1e-02 5.3977
THR 32768 6.00 0.9950 4.000 1e-02 5.6297
THR 32768 6.00 0.9950 6.000 1e-02 5.8195
THR 32768 6.00 0.9950 8.000 1e-02 5.8688
THR 32768 6.00 0.9950 16.000 1e-02 5.8898
THR 32768 6.50 0.3000 1.200 1e-02 3.3490
THR 32768 6.50 0.3000 1.500 1e-02 3.3643
THR 32768 6.50 0.3000 2.000 1e-02 3.3490
THR 32768 6.50 0.3000 3.000 1e-02 3.3566
THR 32768 6.50 0.3000 4.000 1e-02 3.3414
THR 32768 6.50 0.3000 6.000 1e-02 3.2881
THR 32768 6.50 0.3000 8.000 1e-02 3.2500
THR 32768 6.50 0.3000 16.000 1e-02 3.2500
THR 32768 6.50 0.4000 1.200 1e-02 3.3947
THR 32768 6.50 0.4000 1.500 1e-02 3.4176
THR 32768 6.50 0.4000 2.000 1e-02 3.4176
THR 32768 6.50 0.4000 3.000 1e-02 3.4709
THR 32768 6.50 0.4000 4.000 1e-02 3.4557
THR 32768 6.50 0.4000 6.000 1e-02 3.4480
THR 32768 6.50 0.4000 8.000 1e-02 3.3871
THR 32768 6.50 0.4000 16.000 1e-02 3.2500
THR 32768 6.50 0.5000 1.200 1e-02 3.4785
THR 32768 6.50 0.5000 1.500 1e-02 3.5242
THR 32768 6.50 0.5000 2.000 1e-02 3.5852
THR 32768 6.50 0.5000 3.000 1e-02 3.6156
THR 32768 6.50 0.5000 4.000 1e-02 3.6689
THR 32768 6.50 0.5000 6.000 1e-02 3.6689
THR 32768 6.50 0.5000 8.000 1e-02 3.6385
THR 32768 6.50 0.5000 16.000 1e-02 3.6232
THR 32768 6.50 0.6000 1.200 1e-02 3.6309
THR 32768 6.50 0.6000 1.500 1e-02 3.6918
THR 32768 6.50 0.6000 2.000 1e-02 3.7832
THR 32768 6.50 0.6000 3.000 1e-02 3.9279
THR 32768 6.50 0.6000 4.000 1e-02 3.9812
THR 32768 6.50 0.6000 6.000 1e-02 4.0270
THR 32768 6.50 0.6000 8.000 1e-02 4.0650
THR 32768 6.50 0.6000 16.000 1e-02 4.0879
THR 32768 6.50 0.7000 1.200 1e-02 3.7984
THR 32768 6.50 0.7000 1.500 1e-02 3.9279
THR 32768 6.50 0.7000 2.000 1e-02 4.0193
THR 32768 6.50 0.7000 3.000 1e-02 4.3545
THR 32768 6.50 0.7000 4.000 1e-02 4.5145
THR 32768 6.50 0.7000 6.000 1e-02 4.5754
THR 32768 6.50 0.7000 8.000 1e-02 4.6287
THR 32768 6.50 0.7000 16.000 1e-02 4.6668
THR 32768 6.50 0.8000 1.200 1e-02 4.0041
THR 32768 6.50 0.8000 1.500 1e-02 4.1793
THR 32768 6.50 0.8000 2.000 1e-02 4.4992
THR 32768 6.50 0.8000 3.000 1e-02 4.8725
THR 32768 6.50 0.8000 4.000 1e-02 5.0096
THR 32768 6.50 0.8000 6.000 1e-02 5.1771
THR 32768 6.50 0.8000 8.000 1e-02 5.1924
THR 32768 6.50 0.8000 16.000 1e-02 5.1695
THR 32768 6.50 0.9000 1.200 1e-02 4.2859
THR 32768 6.50 0.9000 1.500 1e-02 4.4992
THR 32768 6.50 0.9000 2.000 1e-02 4.9105
THR 32768 6.50 0.9000 3.000 1e-02 5.3676
THR 32768 6.50 0.9000 4.000 1e-02 5.5732
THR 32768 6.50 0.9000 6.000 1e-02 5.6799
THR 32768 6.50 0.9000 8.000 1e-02 5.7180
THR 32768 6.50 0.9000 16.000 1e-02 5.7713
THR 32768 6.50 0.9500 1.200 1e-02 4.4002
THR 32768 6.50 0.9500 1.500 1e-02 4.7277
THR 32768 6.50 0.9500 2.000 1e-02 5.1162
THR 32768 6.50 0.9500 3.000 1e-02 5.6266
THR 32768 6.50 0.9500 4.000 1e-02 5.8703
THR 32768 6.50 0.9500 6.000 1e-02 5.9998
THR 32768 6.50 0.9500 8.000 1e-02 6.0303
THR 32768 6.50 0.9500 16.000 1e-02 6.0531
THR 32768 6.50 0.9800 1.200 1e-02 4.4840
THR 32768 6.50 0.9800 1.500 1e-02 4.8268
THR 32768 6.50 0.9800 2.000 1e-02 5.2305
THR 32768 6.50 0.9800 3.000 1e-02 5.8018
THR 32768 6.50 0.9800 4.000 1e-02 6.0303
THR 32768 6.50 0.9800 6.000 1e-02 6.1902
THR 32768 6.50 0.9800 8.000 1e-02 6.2664
THR 32768 6.50 0.9800 16.000 1e-02 6.2512
THR 32768 6.50 0.9950 1.200 1e-02 4.5221
THR 32768 6.50 0.9950 1.500 1e-02 4.8801
THR 32768 6.50 0.9950 2.000 1e-02 5.2838
THR 32768 6.50 0.9950 3.000 1e-02 5.8703
THR 32768 6.50 0.9950 4.000 1e-02 6.1217
THR 32768 6.50 0.9950 6.000 1e-02 6.3121
THR 32768 6.50 0.9950 8.000 1e-02 6.3730
THR 32768 6.50 0.9950 16.000 1e-02 6.3883
