# EXPERIMENTAL: do not ship as default. The sparse lookup picked a slower
# band on the inspiral reference; see docs/tooling-cleanup.md.
# Relative CPU COST rows; current runtime gate; serial interleaved timing
# cpu AMD RYZEN AI MAX+ 395 w/ Radeon 8060S
# n band U K snr f beff margin relative_cost
COST 4096 64 2 4 5.00 0.900000 8.132 1.000 0.142195
COST 4096 64 2 8 5.00 0.900000 8.132 1.000 0.134586
COST 4096 128 2 4 5.00 0.914890 8.403 1.000 0.155179
COST 4096 128 2 8 5.00 0.914890 8.403 1.000 0.153062
COST 4096 256 2 4 5.00 0.938391 8.840 1.000 0.301078
COST 4096 256 2 8 5.00 0.938391 8.840 1.000 0.300274
COST 4096 512 2 4 5.00 0.967848 9.404 1.000 0.568690
COST 4096 512 2 8 5.00 0.967848 9.404 1.000 0.559914
COST 4096 1024 2 4 5.00 0.991570 9.870 1.000 1.018914
COST 4096 1024 2 8 5.00 0.991570 9.870 1.000 1.000000
COST 4096 2048 2 4 5.00 1.000000 10.039 1.000 2.930450
COST 4096 2048 2 8 5.00 1.000000 10.039 1.000 2.900411
COST 4096 64 2 4 5.00 0.900000 8.137 1.000 0.138096
COST 4096 64 2 8 5.00 0.900000 8.137 1.000 0.130644
COST 4096 128 2 4 5.00 0.900000 8.137 1.000 0.152326
COST 4096 128 2 8 5.00 0.900000 8.137 1.000 0.150683
COST 4096 256 2 4 5.00 0.927612 8.643 1.000 0.304184
COST 4096 256 2 8 5.00 0.927612 8.643 1.000 0.318290
COST 4096 512 2 4 5.00 0.962223 9.300 1.000 0.568925
COST 4096 512 2 8 5.00 0.962223 9.300 1.000 0.557804
COST 4096 1024 2 4 5.00 0.990096 9.846 1.000 0.974922
COST 4096 1024 2 8 5.00 0.990096 9.846 1.000 1.000000
COST 4096 2048 2 4 5.00 1.000000 10.044 1.000 2.844454
COST 4096 2048 2 8 5.00 1.000000 10.044 1.000 2.871464
COST 4096 64 2 4 5.00 0.900000 8.139 1.000 0.141199
COST 4096 64 2 8 5.00 0.900000 8.139 1.000 0.126355
COST 4096 128 2 4 5.00 0.900000 8.139 1.000 0.153411
COST 4096 128 2 8 5.00 0.900000 8.139 1.000 0.143352
COST 4096 256 2 4 5.00 0.900000 8.139 1.000 0.288103
COST 4096 256 2 8 5.00 0.900000 8.139 1.000 0.282568
COST 4096 512 2 4 5.00 0.947813 9.026 1.000 0.556581
COST 4096 512 2 8 5.00 0.947813 9.026 1.000 0.553179
COST 4096 1024 2 4 5.00 0.986318 9.774 1.000 0.964361
COST 4096 1024 2 8 5.00 0.986318 9.774 1.000 1.000000
COST 4096 2048 2 4 5.00 1.000000 10.047 1.000 2.662753
COST 4096 2048 2 8 5.00 1.000000 10.047 1.000 2.643113
COST 4096 64 2 4 5.00 0.900000 8.140 1.000 0.141361
COST 4096 64 2 8 5.00 0.900000 8.140 1.000 0.133663
COST 4096 128 2 4 5.00 0.900000 8.140 1.000 0.162244
COST 4096 128 2 8 5.00 0.900000 8.140 1.000 0.154993
COST 4096 256 2 4 5.00 0.900000 8.140 1.000 0.302593
COST 4096 256 2 8 5.00 0.900000 8.140 1.000 0.293229
COST 4096 512 2 4 5.00 0.900000 8.140 1.000 0.552488
COST 4096 512 2 8 5.00 0.900000 8.140 1.000 0.570765
COST 4096 1024 2 4 5.00 0.973782 9.528 1.000 0.998387
COST 4096 1024 2 8 5.00 0.973782 9.528 1.000 1.000000
COST 4096 2048 2 4 5.00 1.000000 10.048 1.000 2.819761
COST 4096 2048 2 8 5.00 1.000000 10.048 1.000 2.827494
COST 4096 64 2 4 5.00 0.900000 8.141 1.000 0.130296
COST 4096 64 2 8 5.00 0.900000 8.141 1.000 0.128209
COST 4096 128 2 4 5.00 0.900000 8.141 1.000 0.160491
COST 4096 128 2 8 5.00 0.900000 8.141 1.000 0.150213
COST 4096 256 2 4 5.00 0.900000 8.141 1.000 0.294086
COST 4096 256 2 8 5.00 0.900000 8.141 1.000 0.292321
COST 4096 512 2 4 5.00 0.900000 8.141 1.000 0.549980
COST 4096 512 2 8 5.00 0.900000 8.141 1.000 0.553145
COST 4096 1024 2 4 5.00 0.900000 8.141 1.000 0.981289
COST 4096 1024 2 8 5.00 0.900000 8.141 1.000 1.000000
COST 4096 2048 2 4 5.00 1.000000 10.049 1.000 2.832398
COST 4096 2048 2 8 5.00 1.000000 10.049 1.000 2.767948
COST 4096 64 2 4 5.00 1.000000 8.141 1.000 0.093926
COST 4096 64 2 8 5.00 1.000000 8.141 1.000 0.083948
COST 4096 128 2 4 5.00 1.000000 8.141 1.000 0.117204
COST 4096 128 2 8 5.00 1.000000 8.141 1.000 0.116000
COST 4096 256 2 4 5.00 1.000000 8.141 1.000 0.247986
COST 4096 256 2 8 5.00 1.000000 8.141 1.000 0.248310
COST 4096 512 2 4 5.00 1.000000 8.141 1.000 0.521206
COST 4096 512 2 8 5.00 1.000000 8.141 1.000 0.519101
COST 4096 1024 2 4 5.00 1.000000 8.141 1.000 0.966084
COST 4096 1024 2 8 5.00 1.000000 8.141 1.000 1.000000
COST 4096 2048 2 4 5.00 1.000000 8.141 1.000 2.836384
COST 4096 2048 2 8 5.00 1.000000 8.141 1.000 2.862185
COST 4096 64 2 4 5.00 0.900000 32.122 1.000 0.696034
COST 4096 64 2 8 5.00 0.900000 32.122 1.000 0.586651
COST 4096 128 2 4 5.00 0.914890 33.189 1.000 0.280685
COST 4096 128 2 8 5.00 0.914890 33.189 1.000 0.270517
COST 4096 256 2 4 5.00 0.938391 34.910 1.000 0.374466
COST 4096 256 2 8 5.00 0.938391 34.910 1.000 0.373150
COST 4096 512 2 4 5.00 0.967848 37.131 1.000 0.739126
COST 4096 512 2 8 5.00 0.967848 37.131 1.000 0.701576
COST 4096 1024 2 4 5.00 0.991570 38.972 1.000 0.963530
COST 4096 1024 2 8 5.00 0.991570 38.972 1.000 1.000000
COST 4096 2048 2 4 5.00 1.000000 39.637 1.000 2.748920
COST 4096 2048 2 8 5.00 1.000000 39.637 1.000 2.667837
COST 4096 64 2 4 5.00 0.882638 31.334 1.000 0.678199
COST 4096 64 2 8 5.00 0.882638 31.334 1.000 0.600443
COST 4096 128 2 4 5.00 0.900000 32.566 1.000 0.338294
COST 4096 128 2 8 5.00 0.900000 32.566 1.000 0.328293
COST 4096 256 2 4 5.00 0.927612 34.587 1.000 0.372938
COST 4096 256 2 8 5.00 0.927612 34.587 1.000 0.373346
COST 4096 512 2 4 5.00 0.962223 37.209 1.000 0.756529
COST 4096 512 2 8 5.00 0.962223 37.209 1.000 0.743357
COST 4096 1024 2 4 5.00 0.990096 39.393 1.000 1.005833
COST 4096 1024 2 8 5.00 0.990096 39.393 1.000 1.000000
COST 4096 2048 2 4 5.00 1.000000 40.185 1.000 2.823409
COST 4096 2048 2 8 5.00 1.000000 40.185 1.000 2.810471
COST 4096 64 2 4 5.00 0.882277 31.342 1.000 0.665815
COST 4096 64 2 8 5.00 0.882277 31.342 1.000 0.632366
COST 4096 128 2 4 5.00 0.899651 32.576 1.000 0.339566
COST 4096 128 2 8 5.00 0.899651 32.576 1.000 0.330316
COST 4096 256 2 4 5.00 0.900000 32.601 1.000 0.406158
COST 4096 256 2 8 5.00 0.900000 32.601 1.000 0.400377
COST 4096 512 2 4 5.00 0.947813 36.143 1.000 0.694768
COST 4096 512 2 8 5.00 0.947813 36.143 1.000 0.687196
COST 4096 1024 2 4 5.00 0.986318 39.134 1.000 0.987564
COST 4096 1024 2 8 5.00 0.986318 39.134 1.000 1.000000
COST 4096 2048 2 4 5.00 1.000000 40.227 1.000 2.812921
COST 4096 2048 2 8 5.00 1.000000 40.227 1.000 2.722501
COST 4096 64 2 4 5.00 0.882267 31.345 1.000 0.666271
COST 4096 64 2 8 5.00 0.882267 31.345 1.000 0.618737
COST 4096 128 2 4 5.00 0.899651 32.580 1.000 0.324891
COST 4096 128 2 8 5.00 0.899651 32.580 1.000 0.328352
COST 4096 256 2 4 5.00 0.900000 32.606 1.000 0.409741
COST 4096 256 2 8 5.00 0.900000 32.606 1.000 0.413904
COST 4096 512 2 4 5.00 0.900000 32.606 1.000 0.656979
COST 4096 512 2 8 5.00 0.900000 32.606 1.000 0.662792
COST 4096 1024 2 4 5.00 0.973782 38.152 1.000 1.006662
COST 4096 1024 2 8 5.00 0.973782 38.152 1.000 1.000000
COST 4096 2048 2 4 5.00 1.000000 40.233 1.000 2.776516
COST 4096 2048 2 8 5.00 1.000000 40.233 1.000 2.718642
COST 4096 64 2 4 5.00 0.882262 31.347 1.000 0.580979
COST 4096 64 2 8 5.00 0.882262 31.347 1.000 0.536343
COST 4096 128 2 4 5.00 0.899650 32.583 1.000 0.280436
COST 4096 128 2 8 5.00 0.899650 32.583 1.000 0.277565
COST 4096 256 2 4 5.00 0.900000 32.608 1.000 0.351422
COST 4096 256 2 8 5.00 0.900000 32.608 1.000 0.359693
COST 4096 512 2 4 5.00 0.900000 32.608 1.000 0.571033
COST 4096 512 2 8 5.00 0.900000 32.608 1.000 0.566673
COST 4096 1024 2 4 5.00 0.900000 32.608 1.000 0.972984
COST 4096 1024 2 8 5.00 0.900000 32.608 1.000 1.000000
COST 4096 2048 2 4 5.00 1.000000 40.233 1.000 2.407530
COST 4096 2048 2 8 5.00 1.000000 40.233 1.000 2.415476
COST 4096 64 2 4 5.00 0.980288 31.348 1.000 0.475670
COST 4096 64 2 8 5.00 0.980288 31.348 1.000 0.435884
COST 4096 128 2 4 5.00 0.999611 32.584 1.000 0.168147
COST 4096 128 2 8 5.00 0.999611 32.584 1.000 0.169205
COST 4096 256 2 4 5.00 1.000000 32.609 1.000 0.290203
COST 4096 256 2 8 5.00 1.000000 32.609 1.000 0.286597
COST 4096 512 2 4 5.00 1.000000 32.609 1.000 0.564110
COST 4096 512 2 8 5.00 1.000000 32.609 1.000 0.556124
COST 4096 1024 2 4 5.00 1.000000 32.609 1.000 1.003560
COST 4096 1024 2 8 5.00 1.000000 32.609 1.000 1.000000
COST 4096 2048 2 4 5.00 1.000000 32.609 1.000 2.919072
COST 4096 2048 2 8 5.00 1.000000 32.609 1.000 2.892546
COST 4096 64 2 4 5.00 0.990000 8.132 1.000 0.088611
COST 4096 64 2 8 5.00 0.990000 8.132 1.000 0.085952
COST 4096 128 2 4 5.00 0.991489 8.157 1.000 0.118225
COST 4096 128 2 8 5.00 0.991489 8.157 1.000 0.116001
COST 4096 256 2 4 5.00 0.993839 8.196 1.000 0.257136
COST 4096 256 2 8 5.00 0.993839 8.196 1.000 0.258987
COST 4096 512 2 4 5.00 0.996785 8.244 1.000 0.533063
COST 4096 512 2 8 5.00 0.996785 8.244 1.000 0.534562
COST 4096 1024 2 4 5.00 0.999157 8.283 1.000 0.991875
COST 4096 1024 2 8 5.00 0.999157 8.283 1.000 1.000000
COST 4096 2048 2 4 5.00 1.000000 8.297 1.000 2.923432
COST 4096 2048 2 8 5.00 1.000000 8.297 1.000 2.867233
COST 4096 64 2 4 5.00 0.990000 8.137 1.000 0.088054
COST 4096 64 2 8 5.00 0.990000 8.137 1.000 0.087085
COST 4096 128 2 4 5.00 0.990000 8.137 1.000 0.117971
COST 4096 128 2 8 5.00 0.990000 8.137 1.000 0.116329
COST 4096 256 2 4 5.00 0.992761 8.182 1.000 0.252028
COST 4096 256 2 8 5.00 0.992761 8.182 1.000 0.252435
COST 4096 512 2 4 5.00 0.996222 8.239 1.000 0.535506
COST 4096 512 2 8 5.00 0.996222 8.239 1.000 0.528898
COST 4096 1024 2 4 5.00 0.999010 8.286 1.000 0.977601
COST 4096 1024 2 8 5.00 0.999010 8.286 1.000 1.000000
COST 4096 2048 2 4 5.00 1.000000 8.302 1.000 2.892334
COST 4096 2048 2 8 5.00 1.000000 8.302 1.000 2.882817
COST 4096 64 2 4 5.00 0.990000 8.139 1.000 0.088918
COST 4096 64 2 8 5.00 0.990000 8.139 1.000 0.085337
COST 4096 128 2 4 5.00 0.990000 8.139 1.000 0.117329
COST 4096 128 2 8 5.00 0.990000 8.139 1.000 0.116001
COST 4096 256 2 4 5.00 0.990000 8.139 1.000 0.252900
COST 4096 256 2 8 5.00 0.990000 8.139 1.000 0.250021
COST 4096 512 2 4 5.00 0.994781 8.218 1.000 0.527183
COST 4096 512 2 8 5.00 0.994781 8.218 1.000 0.525346
COST 4096 1024 2 4 5.00 0.998632 8.281 1.000 0.975404
COST 4096 1024 2 8 5.00 0.998632 8.281 1.000 1.000000
COST 4096 2048 2 4 5.00 1.000000 8.304 1.000 2.900634
COST 4096 2048 2 8 5.00 1.000000 8.304 1.000 2.859272
COST 4096 64 2 4 5.00 0.990000 8.140 1.000 0.089163
COST 4096 64 2 8 5.00 0.990000 8.140 1.000 0.087030
COST 4096 128 2 4 5.00 0.990000 8.140 1.000 0.118624
COST 4096 128 2 8 5.00 0.990000 8.140 1.000 0.114455
COST 4096 256 2 4 5.00 0.990000 8.140 1.000 0.252323
COST 4096 256 2 8 5.00 0.990000 8.140 1.000 0.256532
COST 4096 512 2 4 5.00 0.990000 8.140 1.000 0.523268
COST 4096 512 2 8 5.00 0.990000 8.140 1.000 0.521010
COST 4096 1024 2 4 5.00 0.997378 8.262 1.000 0.969249
COST 4096 1024 2 8 5.00 0.997378 8.262 1.000 1.000000
COST 4096 2048 2 4 5.00 1.000000 8.305 1.000 2.847559
COST 4096 2048 2 8 5.00 1.000000 8.305 1.000 2.872938
COST 4096 64 2 4 5.00 0.990000 8.141 1.000 0.088454
COST 4096 64 2 8 5.00 0.990000 8.141 1.000 0.085926
COST 4096 128 2 4 5.00 0.990000 8.141 1.000 0.118438
COST 4096 128 2 8 5.00 0.990000 8.141 1.000 0.115255
COST 4096 256 2 4 5.00 0.990000 8.141 1.000 0.251640
COST 4096 256 2 8 5.00 0.990000 8.141 1.000 0.253841
COST 4096 512 2 4 5.00 0.990000 8.141 1.000 0.526731
COST 4096 512 2 8 5.00 0.990000 8.141 1.000 0.525077
COST 4096 1024 2 4 5.00 0.990000 8.141 1.000 0.983078
COST 4096 1024 2 8 5.00 0.990000 8.141 1.000 1.000000
COST 4096 2048 2 4 5.00 1.000000 8.306 1.000 2.910229
COST 4096 2048 2 8 5.00 1.000000 8.306 1.000 2.890574
COST 4096 64 2 4 5.00 1.000000 8.141 1.000 0.089659
COST 4096 64 2 8 5.00 1.000000 8.141 1.000 0.085312
COST 4096 128 2 4 5.00 1.000000 8.141 1.000 0.119560
COST 4096 128 2 8 5.00 1.000000 8.141 1.000 0.115218
COST 4096 256 2 4 5.00 1.000000 8.141 1.000 0.248170
COST 4096 256 2 8 5.00 1.000000 8.141 1.000 0.248432
COST 4096 512 2 4 5.00 1.000000 8.141 1.000 0.514423
COST 4096 512 2 8 5.00 1.000000 8.141 1.000 0.513736
COST 4096 1024 2 4 5.00 1.000000 8.141 1.000 0.961575
COST 4096 1024 2 8 5.00 1.000000 8.141 1.000 1.000000
COST 4096 2048 2 4 5.00 1.000000 8.141 1.000 2.847849
COST 4096 2048 2 8 5.00 1.000000 8.141 1.000 2.864345
COST 4096 64 2 4 5.00 0.990000 32.122 1.000 0.487756
COST 4096 64 2 8 5.00 0.990000 32.122 1.000 0.435354
COST 4096 128 2 4 5.00 0.991489 32.219 1.000 0.161779
COST 4096 128 2 8 5.00 0.991489 32.219 1.000 0.157577
COST 4096 256 2 4 5.00 0.993839 32.371 1.000 0.275445
COST 4096 256 2 8 5.00 0.993839 32.371 1.000 0.271763
COST 4096 512 2 4 5.00 0.996785 32.564 1.000 0.547932
COST 4096 512 2 8 5.00 0.996785 32.564 1.000 0.544893
COST 4096 1024 2 4 5.00 0.999157 32.719 1.000 1.031827
COST 4096 1024 2 8 5.00 0.999157 32.719 1.000 1.000000
COST 4096 2048 2 4 5.00 1.000000 32.774 1.000 2.887213
COST 4096 2048 2 8 5.00 1.000000 32.774 1.000 2.825196
COST 4096 64 2 4 5.00 0.970902 31.334 1.000 0.471114
COST 4096 64 2 8 5.00 0.970902 31.334 1.000 0.430881
COST 4096 128 2 4 5.00 0.990000 32.566 1.000 0.167003
COST 4096 128 2 8 5.00 0.990000 32.566 1.000 0.165979
COST 4096 256 2 4 5.00 0.992761 32.748 1.000 0.279345
COST 4096 256 2 8 5.00 0.992761 32.748 1.000 0.278590
COST 4096 512 2 4 5.00 0.996222 32.977 1.000 0.558515
COST 4096 512 2 8 5.00 0.996222 32.977 1.000 0.554472
COST 4096 1024 2 4 5.00 0.999010 33.162 1.000 0.991720
COST 4096 1024 2 8 5.00 0.999010 33.162 1.000 1.000000
COST 4096 2048 2 4 5.00 1.000000 33.227 1.000 2.833423
COST 4096 2048 2 8 5.00 1.000000 33.227 1.000 2.816535
COST 4096 64 2 4 5.00 0.970504 31.342 1.000 0.496500
COST 4096 64 2 8 5.00 0.970504 31.342 1.000 0.455688
COST 4096 128 2 4 5.00 0.989616 32.576 1.000 0.169888
COST 4096 128 2 8 5.00 0.989616 32.576 1.000 0.167583
COST 4096 256 2 4 5.00 0.990000 32.601 1.000 0.284713
COST 4096 256 2 8 5.00 0.990000 32.601 1.000 0.284902
COST 4096 512 2 4 5.00 0.994781 32.916 1.000 0.565344
COST 4096 512 2 8 5.00 0.994781 32.916 1.000 0.560122
COST 4096 1024 2 4 5.00 0.998632 33.172 1.000 1.010733
COST 4096 1024 2 8 5.00 0.998632 33.172 1.000 1.000000
COST 4096 2048 2 4 5.00 1.000000 33.263 1.000 2.929043
COST 4096 2048 2 8 5.00 1.000000 33.263 1.000 2.837200
COST 4096 64 2 4 5.00 0.970493 31.345 1.000 0.528018
COST 4096 64 2 8 5.00 0.970493 31.345 1.000 0.458395
COST 4096 128 2 4 5.00 0.989616 32.580 1.000 0.167269
COST 4096 128 2 8 5.00 0.989616 32.580 1.000 0.168588
COST 4096 256 2 4 5.00 0.990000 32.606 1.000 0.278090
COST 4096 256 2 8 5.00 0.990000 32.606 1.000 0.276334
COST 4096 512 2 4 5.00 0.990000 32.606 1.000 0.542717
COST 4096 512 2 8 5.00 0.990000 32.606 1.000 0.533506
COST 4096 1024 2 4 5.00 0.997378 33.093 1.000 0.969712
COST 4096 1024 2 8 5.00 0.997378 33.093 1.000 1.000000
COST 4096 2048 2 4 5.00 1.000000 33.267 1.000 2.809451
COST 4096 2048 2 8 5.00 1.000000 33.267 1.000 2.797382
COST 4096 64 2 4 5.00 0.970488 31.347 1.000 0.531917
COST 4096 64 2 8 5.00 0.970488 31.347 1.000 0.456006
COST 4096 128 2 4 5.00 0.989615 32.583 1.000 0.169905
COST 4096 128 2 8 5.00 0.989615 32.583 1.000 0.167086
COST 4096 256 2 4 5.00 0.990000 32.608 1.000 0.294196
COST 4096 256 2 8 5.00 0.990000 32.608 1.000 0.279421
COST 4096 512 2 4 5.00 0.990000 32.608 1.000 0.551828
COST 4096 512 2 8 5.00 0.990000 32.608 1.000 0.550316
COST 4096 1024 2 4 5.00 0.990000 32.608 1.000 0.996638
COST 4096 1024 2 8 5.00 0.990000 32.608 1.000 1.000000
COST 4096 2048 2 4 5.00 1.000000 33.270 1.000 2.797673
COST 4096 2048 2 8 5.00 1.000000 33.270 1.000 2.800510
COST 4096 64 2 4 5.00 0.980288 31.348 1.000 0.466570
COST 4096 64 2 8 5.00 0.980288 31.348 1.000 0.417680
COST 4096 128 2 4 5.00 0.999611 32.584 1.000 0.165861
COST 4096 128 2 8 5.00 0.999611 32.584 1.000 0.166396
COST 4096 256 2 4 5.00 1.000000 32.609 1.000 0.283632
COST 4096 256 2 8 5.00 1.000000 32.609 1.000 0.285910
COST 4096 512 2 4 5.00 1.000000 32.609 1.000 0.558523
COST 4096 512 2 8 5.00 1.000000 32.609 1.000 0.560018
COST 4096 1024 2 4 5.00 1.000000 32.609 1.000 0.998151
COST 4096 1024 2 8 5.00 1.000000 32.609 1.000 1.000000
COST 4096 2048 2 4 5.00 1.000000 32.609 1.000 2.881035
COST 4096 2048 2 8 5.00 1.000000 32.609 1.000 2.928553
COST 4096 64 2 4 5.50 0.900000 8.132 1.000 0.091909
COST 4096 64 2 8 5.50 0.900000 8.132 1.000 0.089521
COST 4096 128 2 4 5.50 0.914890 8.403 1.000 0.116887
COST 4096 128 2 8 5.50 0.914890 8.403 1.000 0.117565
COST 4096 256 2 4 5.50 0.938391 8.840 1.000 0.262818
COST 4096 256 2 8 5.50 0.938391 8.840 1.000 0.261583
COST 4096 512 2 4 5.50 0.967848 9.404 1.000 0.531267
COST 4096 512 2 8 5.50 0.967848 9.404 1.000 0.526492
COST 4096 1024 2 4 5.50 0.991570 9.870 1.000 0.971979
COST 4096 1024 2 8 5.50 0.991570 9.870 1.000 1.000000
COST 4096 2048 2 4 5.50 1.000000 10.039 1.000 2.843931
COST 4096 2048 2 8 5.50 1.000000 10.039 1.000 2.808920
COST 4096 64 2 4 5.50 0.900000 8.137 1.000 0.094237
COST 4096 64 2 8 5.50 0.900000 8.137 1.000 0.092338
COST 4096 128 2 4 5.50 0.900000 8.137 1.000 0.122846
COST 4096 128 2 8 5.50 0.900000 8.137 1.000 0.121994
COST 4096 256 2 4 5.50 0.927612 8.643 1.000 0.272246
COST 4096 256 2 8 5.50 0.927612 8.643 1.000 0.272104
COST 4096 512 2 4 5.50 0.962223 9.300 1.000 0.551369
COST 4096 512 2 8 5.50 0.962223 9.300 1.000 0.544815
COST 4096 1024 2 4 5.50 0.990096 9.846 1.000 1.006266
COST 4096 1024 2 8 5.50 0.990096 9.846 1.000 1.000000
COST 4096 2048 2 4 5.50 1.000000 10.044 1.000 2.955928
COST 4096 2048 2 8 5.50 1.000000 10.044 1.000 2.895877
COST 4096 64 2 4 5.50 0.900000 8.139 1.000 0.092687
COST 4096 64 2 8 5.50 0.900000 8.139 1.000 0.091666
COST 4096 128 2 4 5.50 0.900000 8.139 1.000 0.123815
COST 4096 128 2 8 5.50 0.900000 8.139 1.000 0.122220
COST 4096 256 2 4 5.50 0.900000 8.139 1.000 0.281032
COST 4096 256 2 8 5.50 0.900000 8.139 1.000 0.269064
COST 4096 512 2 4 5.50 0.947813 9.026 1.000 0.557926
COST 4096 512 2 8 5.50 0.947813 9.026 1.000 0.552812
COST 4096 1024 2 4 5.50 0.986318 9.774 1.000 1.009732
COST 4096 1024 2 8 5.50 0.986318 9.774 1.000 1.000000
COST 4096 2048 2 4 5.50 1.000000 10.047 1.000 2.985977
COST 4096 2048 2 8 5.50 1.000000 10.047 1.000 2.895726
COST 4096 64 2 4 5.50 0.900000 8.140 1.000 0.091830
COST 4096 64 2 8 5.50 0.900000 8.140 1.000 0.089501
COST 4096 128 2 4 5.50 0.900000 8.140 1.000 0.124115
COST 4096 128 2 8 5.50 0.900000 8.140 1.000 0.120781
COST 4096 256 2 4 5.50 0.900000 8.140 1.000 0.268088
COST 4096 256 2 8 5.50 0.900000 8.140 1.000 0.265002
COST 4096 512 2 4 5.50 0.900000 8.140 1.000 0.546165
COST 4096 512 2 8 5.50 0.900000 8.140 1.000 0.543293
COST 4096 1024 2 4 5.50 0.973782 9.528 1.000 0.997424
COST 4096 1024 2 8 5.50 0.973782 9.528 1.000 1.000000
COST 4096 2048 2 4 5.50 1.000000 10.048 1.000 2.901884
COST 4096 2048 2 8 5.50 1.000000 10.048 1.000 2.876357
COST 4096 64 2 4 5.50 0.900000 8.141 1.000 0.092795
COST 4096 64 2 8 5.50 0.900000 8.141 1.000 0.090117
COST 4096 128 2 4 5.50 0.900000 8.141 1.000 0.124193
COST 4096 128 2 8 5.50 0.900000 8.141 1.000 0.122919
COST 4096 256 2 4 5.50 0.900000 8.141 1.000 0.270083
COST 4096 256 2 8 5.50 0.900000 8.141 1.000 0.271588
COST 4096 512 2 4 5.50 0.900000 8.141 1.000 0.551228
COST 4096 512 2 8 5.50 0.900000 8.141 1.000 0.549117
COST 4096 1024 2 4 5.50 0.900000 8.141 1.000 1.014160
COST 4096 1024 2 8 5.50 0.900000 8.141 1.000 1.000000
COST 4096 2048 2 4 5.50 1.000000 10.049 1.000 2.949265
COST 4096 2048 2 8 5.50 1.000000 10.049 1.000 2.863482
COST 4096 64 2 4 5.50 1.000000 8.141 1.000 0.083111
COST 4096 64 2 8 5.50 1.000000 8.141 1.000 0.079603
COST 4096 128 2 4 5.50 1.000000 8.141 1.000 0.114174
COST 4096 128 2 8 5.50 1.000000 8.141 1.000 0.115903
COST 4096 256 2 4 5.50 1.000000 8.141 1.000 0.260229
COST 4096 256 2 8 5.50 1.000000 8.141 1.000 0.263083
COST 4096 512 2 4 5.50 1.000000 8.141 1.000 0.537373
COST 4096 512 2 8 5.50 1.000000 8.141 1.000 0.537104
COST 4096 1024 2 4 5.50 1.000000 8.141 1.000 1.003248
COST 4096 1024 2 8 5.50 1.000000 8.141 1.000 1.000000
COST 4096 2048 2 4 5.50 1.000000 8.141 1.000 2.972013
COST 4096 2048 2 8 5.50 1.000000 8.141 1.000 2.898596
COST 4096 64 2 4 5.50 0.900000 32.122 1.000 0.478880
COST 4096 64 2 8 5.50 0.900000 32.122 1.000 0.440480
COST 4096 128 2 4 5.50 0.914890 33.189 1.000 0.158985
COST 4096 128 2 8 5.50 0.914890 33.189 1.000 0.150843
COST 4096 256 2 4 5.50 0.938391 34.910 1.000 0.284775
COST 4096 256 2 8 5.50 0.938391 34.910 1.000 0.285354
COST 4096 512 2 4 5.50 0.967848 37.131 1.000 0.595777
COST 4096 512 2 8 5.50 0.967848 37.131 1.000 0.593910
COST 4096 1024 2 4 5.50 0.991570 38.972 1.000 1.017375
COST 4096 1024 2 8 5.50 0.991570 38.972 1.000 1.000000
COST 4096 2048 2 4 5.50 1.000000 39.637 1.000 2.890916
COST 4096 2048 2 8 5.50 1.000000 39.637 1.000 2.846455
COST 4096 64 2 4 5.50 0.882638 31.334 1.000 0.451377
COST 4096 64 2 8 5.50 0.882638 31.334 1.000 0.396472
COST 4096 128 2 4 5.50 0.900000 32.566 1.000 0.173664
COST 4096 128 2 8 5.50 0.900000 32.566 1.000 0.170270
COST 4096 256 2 4 5.50 0.927612 34.587 1.000 0.284411
COST 4096 256 2 8 5.50 0.927612 34.587 1.000 0.281040
COST 4096 512 2 4 5.50 0.962223 37.209 1.000 0.588354
COST 4096 512 2 8 5.50 0.962223 37.209 1.000 0.583886
COST 4096 1024 2 4 5.50 0.990096 39.393 1.000 1.027292
COST 4096 1024 2 8 5.50 0.990096 39.393 1.000 1.000000
COST 4096 2048 2 4 5.50 1.000000 40.185 1.000 2.929739
COST 4096 2048 2 8 5.50 1.000000 40.185 1.000 2.970468
COST 4096 64 2 4 5.50 0.882277 31.342 1.000 0.444582
COST 4096 64 2 8 5.50 0.882277 31.342 1.000 0.387132
COST 4096 128 2 4 5.50 0.899651 32.576 1.000 0.168415
COST 4096 128 2 8 5.50 0.899651 32.576 1.000 0.166727
COST 4096 256 2 4 5.50 0.900000 32.601 1.000 0.296565
COST 4096 256 2 8 5.50 0.900000 32.601 1.000 0.291670
COST 4096 512 2 4 5.50 0.947813 36.143 1.000 0.564286
COST 4096 512 2 8 5.50 0.947813 36.143 1.000 0.556782
COST 4096 1024 2 4 5.50 0.986318 39.134 1.000 0.996405
COST 4096 1024 2 8 5.50 0.986318 39.134 1.000 1.000000
COST 4096 2048 2 4 5.50 1.000000 40.227 1.000 2.910211
COST 4096 2048 2 8 5.50 1.000000 40.227 1.000 2.825690
COST 4096 64 2 4 5.50 0.882267 31.345 1.000 0.478258
COST 4096 64 2 8 5.50 0.882267 31.345 1.000 0.403767
COST 4096 128 2 4 5.50 0.899651 32.580 1.000 0.165762
COST 4096 128 2 8 5.50 0.899651 32.580 1.000 0.162677
COST 4096 256 2 4 5.50 0.900000 32.606 1.000 0.292605
COST 4096 256 2 8 5.50 0.900000 32.606 1.000 0.282563
COST 4096 512 2 4 5.50 0.900000 32.606 1.000 0.540309
COST 4096 512 2 8 5.50 0.900000 32.606 1.000 0.533635
COST 4096 1024 2 4 5.50 0.973782 38.152 1.000 0.985486
COST 4096 1024 2 8 5.50 0.973782 38.152 1.000 1.000000
COST 4096 2048 2 4 5.50 1.000000 40.233 1.000 2.788429
COST 4096 2048 2 8 5.50 1.000000 40.233 1.000 2.740409
COST 4096 64 2 4 5.50 0.882262 31.347 1.000 0.462166
COST 4096 64 2 8 5.50 0.882262 31.347 1.000 0.359186
COST 4096 128 2 4 5.50 0.899650 32.583 1.000 0.156149
COST 4096 128 2 8 5.50 0.899650 32.583 1.000 0.153789
COST 4096 256 2 4 5.50 0.900000 32.608 1.000 0.273268
COST 4096 256 2 8 5.50 0.900000 32.608 1.000 0.269477
COST 4096 512 2 4 5.50 0.900000 32.608 1.000 0.521321
COST 4096 512 2 8 5.50 0.900000 32.608 1.000 0.512810
COST 4096 1024 2 4 5.50 0.900000 32.608 1.000 0.947330
COST 4096 1024 2 8 5.50 0.900000 32.608 1.000 1.000000
COST 4096 2048 2 4 5.50 1.000000 40.233 1.000 2.670476
COST 4096 2048 2 8 5.50 1.000000 40.233 1.000 2.616629
COST 4096 64 2 4 5.50 0.980288 31.348 1.000 0.249997
COST 4096 64 2 8 5.50 0.980288 31.348 1.000 0.226122
COST 4096 128 2 4 5.50 0.999611 32.584 1.000 0.114615
COST 4096 128 2 8 5.50 0.999611 32.584 1.000 0.110884
COST 4096 256 2 4 5.50 1.000000 32.609 1.000 0.250382
COST 4096 256 2 8 5.50 1.000000 32.609 1.000 0.255126
COST 4096 512 2 4 5.50 1.000000 32.609 1.000 0.523284
COST 4096 512 2 8 5.50 1.000000 32.609 1.000 0.522655
COST 4096 1024 2 4 5.50 1.000000 32.609 1.000 0.978156
COST 4096 1024 2 8 5.50 1.000000 32.609 1.000 1.000000
COST 4096 2048 2 4 5.50 1.000000 32.609 1.000 2.886774
COST 4096 2048 2 8 5.50 1.000000 32.609 1.000 2.880378
COST 4096 64 2 4 5.50 0.990000 8.132 1.000 0.081977
COST 4096 64 2 8 5.50 0.990000 8.132 1.000 0.078866
COST 4096 128 2 4 5.50 0.991489 8.157 1.000 0.115009
COST 4096 128 2 8 5.50 0.991489 8.157 1.000 0.114173
COST 4096 256 2 4 5.50 0.993839 8.196 1.000 0.258903
COST 4096 256 2 8 5.50 0.993839 8.196 1.000 0.257909
COST 4096 512 2 4 5.50 0.996785 8.244 1.000 0.536548
COST 4096 512 2 8 5.50 0.996785 8.244 1.000 0.532471
COST 4096 1024 2 4 5.50 0.999157 8.283 1.000 0.990384
COST 4096 1024 2 8 5.50 0.999157 8.283 1.000 1.000000
COST 4096 2048 2 4 5.50 1.000000 8.297 1.000 2.944067
COST 4096 2048 2 8 5.50 1.000000 8.297 1.000 2.960698
COST 4096 64 2 4 5.50 0.990000 8.137 1.000 0.081787
COST 4096 64 2 8 5.50 0.990000 8.137 1.000 0.077110
COST 4096 128 2 4 5.50 0.990000 8.137 1.000 0.112363
COST 4096 128 2 8 5.50 0.990000 8.137 1.000 0.115175
COST 4096 256 2 4 5.50 0.992761 8.182 1.000 0.249089
COST 4096 256 2 8 5.50 0.992761 8.182 1.000 0.252059
COST 4096 512 2 4 5.50 0.996222 8.239 1.000 0.517519
COST 4096 512 2 8 5.50 0.996222 8.239 1.000 0.518368
COST 4096 1024 2 4 5.50 0.999010 8.286 1.000 0.974438
COST 4096 1024 2 8 5.50 0.999010 8.286 1.000 1.000000
COST 4096 2048 2 4 5.50 1.000000 8.302 1.000 2.874981
COST 4096 2048 2 8 5.50 1.000000 8.302 1.000 2.845446
COST 4096 64 2 4 5.50 0.990000 8.139 1.000 0.077938
COST 4096 64 2 8 5.50 0.990000 8.139 1.000 0.071313
COST 4096 128 2 4 5.50 0.990000 8.139 1.000 0.108039
COST 4096 128 2 8 5.50 0.990000 8.139 1.000 0.102617
COST 4096 256 2 4 5.50 0.990000 8.139 1.000 0.250094
COST 4096 256 2 8 5.50 0.990000 8.139 1.000 0.266571
COST 4096 512 2 4 5.50 0.994781 8.218 1.000 0.512841
COST 4096 512 2 8 5.50 0.994781 8.218 1.000 0.511008
COST 4096 1024 2 4 5.50 0.998632 8.281 1.000 0.915485
COST 4096 1024 2 8 5.50 0.998632 8.281 1.000 1.000000
COST 4096 2048 2 4 5.50 1.000000 8.304 1.000 2.722021
COST 4096 2048 2 8 5.50 1.000000 8.304 1.000 2.634530
COST 4096 64 2 4 5.50 0.990000 8.140 1.000 0.081954
COST 4096 64 2 8 5.50 0.990000 8.140 1.000 0.081153
COST 4096 128 2 4 5.50 0.990000 8.140 1.000 0.115109
COST 4096 128 2 8 5.50 0.990000 8.140 1.000 0.113441
COST 4096 256 2 4 5.50 0.990000 8.140 1.000 0.261112
COST 4096 256 2 8 5.50 0.990000 8.140 1.000 0.262044
COST 4096 512 2 4 5.50 0.990000 8.140 1.000 0.538887
COST 4096 512 2 8 5.50 0.990000 8.140 1.000 0.535992
COST 4096 1024 2 4 5.50 0.997378 8.262 1.000 1.015327
COST 4096 1024 2 8 5.50 0.997378 8.262 1.000 1.000000
COST 4096 2048 2 4 5.50 1.000000 8.305 1.000 3.004433
COST 4096 2048 2 8 5.50 1.000000 8.305 1.000 2.942563
COST 4096 64 2 4 5.50 0.990000 8.141 1.000 0.081606
COST 4096 64 2 8 5.50 0.990000 8.141 1.000 0.078545
COST 4096 128 2 4 5.50 0.990000 8.141 1.000 0.114360
COST 4096 128 2 8 5.50 0.990000 8.141 1.000 0.115850
COST 4096 256 2 4 5.50 0.990000 8.141 1.000 0.258490
COST 4096 256 2 8 5.50 0.990000 8.141 1.000 0.258325
COST 4096 512 2 4 5.50 0.990000 8.141 1.000 0.529878
COST 4096 512 2 8 5.50 0.990000 8.141 1.000 0.529652
COST 4096 1024 2 4 5.50 0.990000 8.141 1.000 0.991741
COST 4096 1024 2 8 5.50 0.990000 8.141 1.000 1.000000
COST 4096 2048 2 4 5.50 1.000000 8.306 1.000 2.956938
COST 4096 2048 2 8 5.50 1.000000 8.306 1.000 2.933753
COST 4096 64 2 4 5.50 1.000000 8.141 1.000 0.081125
COST 4096 64 2 8 5.50 1.000000 8.141 1.000 0.078999
COST 4096 128 2 4 5.50 1.000000 8.141 1.000 0.117133
COST 4096 128 2 8 5.50 1.000000 8.141 1.000 0.115863
COST 4096 256 2 4 5.50 1.000000 8.141 1.000 0.259067
COST 4096 256 2 8 5.50 1.000000 8.141 1.000 0.258400
COST 4096 512 2 4 5.50 1.000000 8.141 1.000 0.538164
COST 4096 512 2 8 5.50 1.000000 8.141 1.000 0.533274
COST 4096 1024 2 4 5.50 1.000000 8.141 1.000 0.994504
COST 4096 1024 2 8 5.50 1.000000 8.141 1.000 1.000000
COST 4096 2048 2 4 5.50 1.000000 8.141 1.000 2.978431
COST 4096 2048 2 8 5.50 1.000000 8.141 1.000 2.884601
COST 4096 64 2 4 5.50 0.990000 32.122 1.000 0.212400
COST 4096 64 2 8 5.50 0.990000 32.122 1.000 0.189128
COST 4096 128 2 4 5.50 0.991489 32.219 1.000 0.111887
COST 4096 128 2 8 5.50 0.991489 32.219 1.000 0.113947
COST 4096 256 2 4 5.50 0.993839 32.371 1.000 0.253165
COST 4096 256 2 8 5.50 0.993839 32.371 1.000 0.252978
COST 4096 512 2 4 5.50 0.996785 32.564 1.000 0.529037
COST 4096 512 2 8 5.50 0.996785 32.564 1.000 0.529268
COST 4096 1024 2 4 5.50 0.999157 32.719 1.000 0.986548
COST 4096 1024 2 8 5.50 0.999157 32.719 1.000 1.000000
COST 4096 2048 2 4 5.50 1.000000 32.774 1.000 2.883677
COST 4096 2048 2 8 5.50 1.000000 32.774 1.000 2.857484
COST 4096 64 2 4 5.50 0.970902 31.334 1.000 0.247855
COST 4096 64 2 8 5.50 0.970902 31.334 1.000 0.230241
COST 4096 128 2 4 5.50 0.990000 32.566 1.000 0.115870
COST 4096 128 2 8 5.50 0.990000 32.566 1.000 0.117773
COST 4096 256 2 4 5.50 0.992761 32.748 1.000 0.256840
COST 4096 256 2 8 5.50 0.992761 32.748 1.000 0.256063
COST 4096 512 2 4 5.50 0.996222 32.977 1.000 0.533928
COST 4096 512 2 8 5.50 0.996222 32.977 1.000 0.534745
COST 4096 1024 2 4 5.50 0.999010 33.162 1.000 1.004435
COST 4096 1024 2 8 5.50 0.999010 33.162 1.000 1.000000
COST 4096 2048 2 4 5.50 1.000000 33.227 1.000 2.942217
COST 4096 2048 2 8 5.50 1.000000 33.227 1.000 2.972411
COST 4096 64 2 4 5.50 0.970504 31.342 1.000 0.239353
COST 4096 64 2 8 5.50 0.970504 31.342 1.000 0.215458
COST 4096 128 2 4 5.50 0.989616 32.576 1.000 0.110917
COST 4096 128 2 8 5.50 0.989616 32.576 1.000 0.110007
COST 4096 256 2 4 5.50 0.990000 32.601 1.000 0.251423
COST 4096 256 2 8 5.50 0.990000 32.601 1.000 0.258892
COST 4096 512 2 4 5.50 0.994781 32.916 1.000 0.519676
COST 4096 512 2 8 5.50 0.994781 32.916 1.000 0.517779
COST 4096 1024 2 4 5.50 0.998632 33.172 1.000 0.963495
COST 4096 1024 2 8 5.50 0.998632 33.172 1.000 1.000000
COST 4096 2048 2 4 5.50 1.000000 33.263 1.000 2.784710
COST 4096 2048 2 8 5.50 1.000000 33.263 1.000 2.801043
COST 4096 64 2 4 5.50 0.970493 31.345 1.000 0.249289
COST 4096 64 2 8 5.50 0.970493 31.345 1.000 0.226731
COST 4096 128 2 4 5.50 0.989616 32.580 1.000 0.114115
COST 4096 128 2 8 5.50 0.989616 32.580 1.000 0.119342
COST 4096 256 2 4 5.50 0.990000 32.606 1.000 0.253200
COST 4096 256 2 8 5.50 0.990000 32.606 1.000 0.253067
COST 4096 512 2 4 5.50 0.990000 32.606 1.000 0.524705
COST 4096 512 2 8 5.50 0.990000 32.606 1.000 0.523111
COST 4096 1024 2 4 5.50 0.997378 33.093 1.000 1.000555
COST 4096 1024 2 8 5.50 0.997378 33.093 1.000 1.000000
COST 4096 2048 2 4 5.50 1.000000 33.267 1.000 2.885327
COST 4096 2048 2 8 5.50 1.000000 33.267 1.000 2.834943
COST 4096 64 2 4 5.50 0.970488 31.347 1.000 0.246474
COST 4096 64 2 8 5.50 0.970488 31.347 1.000 0.223040
COST 4096 128 2 4 5.50 0.989615 32.583 1.000 0.113086
COST 4096 128 2 8 5.50 0.989615 32.583 1.000 0.112861
COST 4096 256 2 4 5.50 0.990000 32.608 1.000 0.256407
COST 4096 256 2 8 5.50 0.990000 32.608 1.000 0.256405
COST 4096 512 2 4 5.50 0.990000 32.608 1.000 0.533623
COST 4096 512 2 8 5.50 0.990000 32.608 1.000 0.530532
COST 4096 1024 2 4 5.50 0.990000 32.608 1.000 1.018235
COST 4096 1024 2 8 5.50 0.990000 32.608 1.000 1.000000
COST 4096 2048 2 4 5.50 1.000000 33.270 1.000 2.922918
COST 4096 2048 2 8 5.50 1.000000 33.270 1.000 2.899130
COST 4096 64 2 4 5.50 0.980288 31.348 1.000 0.229736
COST 4096 64 2 8 5.50 0.980288 31.348 1.000 0.217015
COST 4096 128 2 4 5.50 0.999611 32.584 1.000 0.116978
COST 4096 128 2 8 5.50 0.999611 32.584 1.000 0.114672
COST 4096 256 2 4 5.50 1.000000 32.609 1.000 0.259016
COST 4096 256 2 8 5.50 1.000000 32.609 1.000 0.264128
COST 4096 512 2 4 5.50 1.000000 32.609 1.000 0.537019
COST 4096 512 2 8 5.50 1.000000 32.609 1.000 0.536794
COST 4096 1024 2 4 5.50 1.000000 32.609 1.000 1.015664
COST 4096 1024 2 8 5.50 1.000000 32.609 1.000 1.000000
COST 4096 2048 2 4 5.50 1.000000 32.609 1.000 3.008817
COST 4096 2048 2 8 5.50 1.000000 32.609 1.000 2.930888
COST 4096 64 2 4 6.00 0.900000 8.132 1.000 0.079670
COST 4096 64 2 8 6.00 0.900000 8.132 1.000 0.077498
COST 4096 128 2 4 6.00 0.914890 8.403 1.000 0.115917
COST 4096 128 2 8 6.00 0.914890 8.403 1.000 0.110841
COST 4096 256 2 4 6.00 0.938391 8.840 1.000 0.251839
COST 4096 256 2 8 6.00 0.938391 8.840 1.000 0.253111
COST 4096 512 2 4 6.00 0.967848 9.404 1.000 0.525972
COST 4096 512 2 8 6.00 0.967848 9.404 1.000 0.520983
COST 4096 1024 2 4 6.00 0.991570 9.870 1.000 0.976224
COST 4096 1024 2 8 6.00 0.991570 9.870 1.000 1.000000
COST 4096 2048 2 4 6.00 1.000000 10.039 1.000 2.833437
COST 4096 2048 2 8 6.00 1.000000 10.039 1.000 2.836738
COST 4096 64 2 4 6.00 0.900000 8.137 1.000 0.079607
COST 4096 64 2 8 6.00 0.900000 8.137 1.000 0.078933
COST 4096 128 2 4 6.00 0.900000 8.137 1.000 0.114957
COST 4096 128 2 8 6.00 0.900000 8.137 1.000 0.118176
COST 4096 256 2 4 6.00 0.927612 8.643 1.000 0.264962
COST 4096 256 2 8 6.00 0.927612 8.643 1.000 0.259306
COST 4096 512 2 4 6.00 0.962223 9.300 1.000 0.537568
COST 4096 512 2 8 6.00 0.962223 9.300 1.000 0.541208
COST 4096 1024 2 4 6.00 0.990096 9.846 1.000 1.008697
COST 4096 1024 2 8 6.00 0.990096 9.846 1.000 1.000000
COST 4096 2048 2 4 6.00 1.000000 10.044 1.000 2.930256
COST 4096 2048 2 8 6.00 1.000000 10.044 1.000 2.941730
COST 4096 64 2 4 6.00 0.900000 8.139 1.000 0.081880
COST 4096 64 2 8 6.00 0.900000 8.139 1.000 0.078174
COST 4096 128 2 4 6.00 0.900000 8.139 1.000 0.114024
COST 4096 128 2 8 6.00 0.900000 8.139 1.000 0.112506
COST 4096 256 2 4 6.00 0.900000 8.139 1.000 0.254569
COST 4096 256 2 8 6.00 0.900000 8.139 1.000 0.254017
COST 4096 512 2 4 6.00 0.947813 9.026 1.000 0.533504
COST 4096 512 2 8 6.00 0.947813 9.026 1.000 0.525454
COST 4096 1024 2 4 6.00 0.986318 9.774 1.000 0.984828
COST 4096 1024 2 8 6.00 0.986318 9.774 1.000 1.000000
COST 4096 2048 2 4 6.00 1.000000 10.047 1.000 2.869291
COST 4096 2048 2 8 6.00 1.000000 10.047 1.000 2.857656
COST 4096 64 2 4 6.00 0.900000 8.140 1.000 0.076366
COST 4096 64 2 8 6.00 0.900000 8.140 1.000 0.074003
COST 4096 128 2 4 6.00 0.900000 8.140 1.000 0.106267
COST 4096 128 2 8 6.00 0.900000 8.140 1.000 0.105956
COST 4096 256 2 4 6.00 0.900000 8.140 1.000 0.246503
COST 4096 256 2 8 6.00 0.900000 8.140 1.000 0.242048
COST 4096 512 2 4 6.00 0.900000 8.140 1.000 0.508488
COST 4096 512 2 8 6.00 0.900000 8.140 1.000 0.504154
COST 4096 1024 2 4 6.00 0.973782 9.528 1.000 0.952954
COST 4096 1024 2 8 6.00 0.973782 9.528 1.000 1.000000
COST 4096 2048 2 4 6.00 1.000000 10.048 1.000 2.765478
COST 4096 2048 2 8 6.00 1.000000 10.048 1.000 2.741653
COST 4096 64 2 4 6.00 0.900000 8.141 1.000 0.078955
COST 4096 64 2 8 6.00 0.900000 8.141 1.000 0.078750
COST 4096 128 2 4 6.00 0.900000 8.141 1.000 0.115562
COST 4096 128 2 8 6.00 0.900000 8.141 1.000 0.114094
COST 4096 256 2 4 6.00 0.900000 8.141 1.000 0.258479
COST 4096 256 2 8 6.00 0.900000 8.141 1.000 0.259104
COST 4096 512 2 4 6.00 0.900000 8.141 1.000 0.553559
COST 4096 512 2 8 6.00 0.900000 8.141 1.000 0.543022
COST 4096 1024 2 4 6.00 0.900000 8.141 1.000 1.099247
COST 4096 1024 2 8 6.00 0.900000 8.141 1.000 1.000000
COST 4096 2048 2 4 6.00 1.000000 10.049 1.000 3.001673
COST 4096 2048 2 8 6.00 1.000000 10.049 1.000 2.926399
COST 4096 64 2 4 6.00 1.000000 8.141 1.000 0.080124
COST 4096 64 2 8 6.00 1.000000 8.141 1.000 0.079532
COST 4096 128 2 4 6.00 1.000000 8.141 1.000 0.121770
COST 4096 128 2 8 6.00 1.000000 8.141 1.000 0.115607
COST 4096 256 2 4 6.00 1.000000 8.141 1.000 0.260050
COST 4096 256 2 8 6.00 1.000000 8.141 1.000 0.271267
COST 4096 512 2 4 6.00 1.000000 8.141 1.000 0.537223
COST 4096 512 2 8 6.00 1.000000 8.141 1.000 0.533636
COST 4096 1024 2 4 6.00 1.000000 8.141 1.000 0.993868
COST 4096 1024 2 8 6.00 1.000000 8.141 1.000 1.000000
COST 4096 2048 2 4 6.00 1.000000 8.141 1.000 2.930819
COST 4096 2048 2 8 6.00 1.000000 8.141 1.000 2.857216
COST 4096 64 2 4 6.00 0.900000 32.122 1.000 0.187294
COST 4096 64 2 8 6.00 0.900000 32.122 1.000 0.173319
COST 4096 128 2 4 6.00 0.914890 33.189 1.000 0.120879
COST 4096 128 2 8 6.00 0.914890 33.189 1.000 0.120610
COST 4096 256 2 4 6.00 0.938391 34.910 1.000 0.258529
COST 4096 256 2 8 6.00 0.938391 34.910 1.000 0.257254
COST 4096 512 2 4 6.00 0.967848 37.131 1.000 0.543601
COST 4096 512 2 8 6.00 0.967848 37.131 1.000 0.539984
COST 4096 1024 2 4 6.00 0.991570 38.972 1.000 1.017359
COST 4096 1024 2 8 6.00 0.991570 38.972 1.000 1.000000
COST 4096 2048 2 4 6.00 1.000000 39.637 1.000 2.948786
COST 4096 2048 2 8 6.00 1.000000 39.637 1.000 2.899813
COST 4096 64 2 4 6.00 0.882638 31.334 1.000 0.184567
COST 4096 64 2 8 6.00 0.882638 31.334 1.000 0.175788
COST 4096 128 2 4 6.00 0.900000 32.566 1.000 0.125900
COST 4096 128 2 8 6.00 0.900000 32.566 1.000 0.131280
COST 4096 256 2 4 6.00 0.927612 34.587 1.000 0.261947
COST 4096 256 2 8 6.00 0.927612 34.587 1.000 0.259040
COST 4096 512 2 4 6.00 0.962223 37.209 1.000 0.551802
COST 4096 512 2 8 6.00 0.962223 37.209 1.000 0.542154
COST 4096 1024 2 4 6.00 0.990096 39.393 1.000 1.018440
COST 4096 1024 2 8 6.00 0.990096 39.393 1.000 1.000000
COST 4096 2048 2 4 6.00 1.000000 40.185 1.000 2.968934
COST 4096 2048 2 8 6.00 1.000000 40.185 1.000 2.873310
COST 4096 64 2 4 6.00 0.882277 31.342 1.000 0.184562
COST 4096 64 2 8 6.00 0.882277 31.342 1.000 0.174245
COST 4096 128 2 4 6.00 0.899651 32.576 1.000 0.124536
COST 4096 128 2 8 6.00 0.899651 32.576 1.000 0.121629
COST 4096 256 2 4 6.00 0.900000 32.601 1.000 0.263203
COST 4096 256 2 8 6.00 0.900000 32.601 1.000 0.261245
COST 4096 512 2 4 6.00 0.947813 36.143 1.000 0.541108
COST 4096 512 2 8 6.00 0.947813 36.143 1.000 0.534055
COST 4096 1024 2 4 6.00 0.986318 39.134 1.000 0.998035
COST 4096 1024 2 8 6.00 0.986318 39.134 1.000 1.000000
COST 4096 2048 2 4 6.00 1.000000 40.227 1.000 2.995808
COST 4096 2048 2 8 6.00 1.000000 40.227 1.000 2.916612
COST 4096 64 2 4 6.00 0.882267 31.345 1.000 0.189459
COST 4096 64 2 8 6.00 0.882267 31.345 1.000 0.171222
COST 4096 128 2 4 6.00 0.899651 32.580 1.000 0.121111
COST 4096 128 2 8 6.00 0.899651 32.580 1.000 0.119963
COST 4096 256 2 4 6.00 0.900000 32.606 1.000 0.255885
COST 4096 256 2 8 6.00 0.900000 32.606 1.000 0.256768
COST 4096 512 2 4 6.00 0.900000 32.606 1.000 0.525999
COST 4096 512 2 8 6.00 0.900000 32.606 1.000 0.520204
COST 4096 1024 2 4 6.00 0.973782 38.152 1.000 0.974057
COST 4096 1024 2 8 6.00 0.973782 38.152 1.000 1.000000
COST 4096 2048 2 4 6.00 1.000000 40.233 1.000 2.850054
COST 4096 2048 2 8 6.00 1.000000 40.233 1.000 2.858827
COST 4096 64 2 4 6.00 0.882262 31.347 1.000 0.184603
COST 4096 64 2 8 6.00 0.882262 31.347 1.000 0.173532
COST 4096 128 2 4 6.00 0.899650 32.583 1.000 0.123856
COST 4096 128 2 8 6.00 0.899650 32.583 1.000 0.124659
COST 4096 256 2 4 6.00 0.900000 32.608 1.000 0.262154
COST 4096 256 2 8 6.00 0.900000 32.608 1.000 0.260177
COST 4096 512 2 4 6.00 0.900000 32.608 1.000 0.534902
COST 4096 512 2 8 6.00 0.900000 32.608 1.000 0.534606
COST 4096 1024 2 4 6.00 0.900000 32.608 1.000 1.018097
COST 4096 1024 2 8 6.00 0.900000 32.608 1.000 1.000000
COST 4096 2048 2 4 6.00 1.000000 40.233 1.000 2.982905
COST 4096 2048 2 8 6.00 1.000000 40.233 1.000 2.897423
COST 4096 64 2 4 6.00 0.980288 31.348 1.000 0.116416
COST 4096 64 2 8 6.00 0.980288 31.348 1.000 0.110585
COST 4096 128 2 4 6.00 0.999611 32.584 1.000 0.114414
COST 4096 128 2 8 6.00 0.999611 32.584 1.000 0.112796
COST 4096 256 2 4 6.00 1.000000 32.609 1.000 0.255607
COST 4096 256 2 8 6.00 1.000000 32.609 1.000 0.255507
COST 4096 512 2 4 6.00 1.000000 32.609 1.000 0.536510
COST 4096 512 2 8 6.00 1.000000 32.609 1.000 0.534788
COST 4096 1024 2 4 6.00 1.000000 32.609 1.000 0.992242
COST 4096 1024 2 8 6.00 1.000000 32.609 1.000 1.000000
COST 4096 2048 2 4 6.00 1.000000 32.609 1.000 2.890423
COST 4096 2048 2 8 6.00 1.000000 32.609 1.000 2.893790
COST 4096 64 2 4 6.00 0.990000 8.132 1.000 0.080250
COST 4096 64 2 8 6.00 0.990000 8.132 1.000 0.080913
COST 4096 128 2 4 6.00 0.991489 8.157 1.000 0.114534
COST 4096 128 2 8 6.00 0.991489 8.157 1.000 0.114308
COST 4096 256 2 4 6.00 0.993839 8.196 1.000 0.259630
COST 4096 256 2 8 6.00 0.993839 8.196 1.000 0.260682
COST 4096 512 2 4 6.00 0.996785 8.244 1.000 0.538396
COST 4096 512 2 8 6.00 0.996785 8.244 1.000 0.535961
COST 4096 1024 2 4 6.00 0.999157 8.283 1.000 0.997230
COST 4096 1024 2 8 6.00 0.999157 8.283 1.000 1.000000
COST 4096 2048 2 4 6.00 1.000000 8.297 1.000 2.981810
COST 4096 2048 2 8 6.00 1.000000 8.297 1.000 2.903459
COST 4096 64 2 4 6.00 0.990000 8.137 1.000 0.083062
COST 4096 64 2 8 6.00 0.990000 8.137 1.000 0.080226
COST 4096 128 2 4 6.00 0.990000 8.137 1.000 0.116457
COST 4096 128 2 8 6.00 0.990000 8.137 1.000 0.114983
COST 4096 256 2 4 6.00 0.992761 8.182 1.000 0.264603
COST 4096 256 2 8 6.00 0.992761 8.182 1.000 0.259650
COST 4096 512 2 4 6.00 0.996222 8.239 1.000 0.545410
COST 4096 512 2 8 6.00 0.996222 8.239 1.000 0.542380
COST 4096 1024 2 4 6.00 0.999010 8.286 1.000 1.019085
COST 4096 1024 2 8 6.00 0.999010 8.286 1.000 1.000000
COST 4096 2048 2 4 6.00 1.000000 8.302 1.000 2.952849
COST 4096 2048 2 8 6.00 1.000000 8.302 1.000 2.891294
COST 4096 64 2 4 6.00 0.990000 8.139 1.000 0.080771
COST 4096 64 2 8 6.00 0.990000 8.139 1.000 0.080149
COST 4096 128 2 4 6.00 0.990000 8.139 1.000 0.114294
COST 4096 128 2 8 6.00 0.990000 8.139 1.000 0.113615
COST 4096 256 2 4 6.00 0.990000 8.139 1.000 0.259304
COST 4096 256 2 8 6.00 0.990000 8.139 1.000 0.259877
COST 4096 512 2 4 6.00 0.994781 8.218 1.000 0.534956
COST 4096 512 2 8 6.00 0.994781 8.218 1.000 0.532989
COST 4096 1024 2 4 6.00 0.998632 8.281 1.000 0.990094
COST 4096 1024 2 8 6.00 0.998632 8.281 1.000 1.000000
COST 4096 2048 2 4 6.00 1.000000 8.304 1.000 3.086931
COST 4096 2048 2 8 6.00 1.000000 8.304 1.000 2.947855
COST 4096 64 2 4 6.00 0.990000 8.140 1.000 0.077892
COST 4096 64 2 8 6.00 0.990000 8.140 1.000 0.079071
COST 4096 128 2 4 6.00 0.990000 8.140 1.000 0.113276
COST 4096 128 2 8 6.00 0.990000 8.140 1.000 0.111004
COST 4096 256 2 4 6.00 0.990000 8.140 1.000 0.255603
COST 4096 256 2 8 6.00 0.990000 8.140 1.000 0.253278
COST 4096 512 2 4 6.00 0.990000 8.140 1.000 0.527341
COST 4096 512 2 8 6.00 0.990000 8.140 1.000 0.526456
COST 4096 1024 2 4 6.00 0.997378 8.262 1.000 0.987252
COST 4096 1024 2 8 6.00 0.997378 8.262 1.000 1.000000
COST 4096 2048 2 4 6.00 1.000000 8.305 1.000 2.894352
COST 4096 2048 2 8 6.00 1.000000 8.305 1.000 2.854391
COST 4096 64 2 4 6.00 0.990000 8.141 1.000 0.081251
COST 4096 64 2 8 6.00 0.990000 8.141 1.000 0.077946
COST 4096 128 2 4 6.00 0.990000 8.141 1.000 0.113779
COST 4096 128 2 8 6.00 0.990000 8.141 1.000 0.111327
COST 4096 256 2 4 6.00 0.990000 8.141 1.000 0.254776
COST 4096 256 2 8 6.00 0.990000 8.141 1.000 0.254522
COST 4096 512 2 4 6.00 0.990000 8.141 1.000 0.533243
COST 4096 512 2 8 6.00 0.990000 8.141 1.000 0.531140
COST 4096 1024 2 4 6.00 0.990000 8.141 1.000 0.984924
COST 4096 1024 2 8 6.00 0.990000 8.141 1.000 1.000000
COST 4096 2048 2 4 6.00 1.000000 8.306 1.000 2.883491
COST 4096 2048 2 8 6.00 1.000000 8.306 1.000 2.866729
COST 4096 64 2 4 6.00 1.000000 8.141 1.000 0.080542
COST 4096 64 2 8 6.00 1.000000 8.141 1.000 0.079355
COST 4096 128 2 4 6.00 1.000000 8.141 1.000 0.119393
COST 4096 128 2 8 6.00 1.000000 8.141 1.000 0.116363
COST 4096 256 2 4 6.00 1.000000 8.141 1.000 0.257329
COST 4096 256 2 8 6.00 1.000000 8.141 1.000 0.257310
COST 4096 512 2 4 6.00 1.000000 8.141 1.000 0.544558
COST 4096 512 2 8 6.00 1.000000 8.141 1.000 0.530292
COST 4096 1024 2 4 6.00 1.000000 8.141 1.000 0.989938
COST 4096 1024 2 8 6.00 1.000000 8.141 1.000 1.000000
COST 4096 2048 2 4 6.00 1.000000 8.141 1.000 2.922275
COST 4096 2048 2 8 6.00 1.000000 8.141 1.000 2.916082
COST 4096 64 2 4 6.00 0.990000 32.122 1.000 0.113918
COST 4096 64 2 8 6.00 0.990000 32.122 1.000 0.102190
COST 4096 128 2 4 6.00 0.991489 32.219 1.000 0.112140
COST 4096 128 2 8 6.00 0.991489 32.219 1.000 0.109765
COST 4096 256 2 4 6.00 0.993839 32.371 1.000 0.250688
COST 4096 256 2 8 6.00 0.993839 32.371 1.000 0.249345
COST 4096 512 2 4 6.00 0.996785 32.564 1.000 0.523704
COST 4096 512 2 8 6.00 0.996785 32.564 1.000 0.519727
COST 4096 1024 2 4 6.00 0.999157 32.719 1.000 0.994635
COST 4096 1024 2 8 6.00 0.999157 32.719 1.000 1.000000
COST 4096 2048 2 4 6.00 1.000000 32.774 1.000 2.907377
COST 4096 2048 2 8 6.00 1.000000 32.774 1.000 2.947903
COST 4096 64 2 4 6.00 0.970902 31.334 1.000 0.121993
COST 4096 64 2 8 6.00 0.970902 31.334 1.000 0.105386
COST 4096 128 2 4 6.00 0.990000 32.566 1.000 0.105106
COST 4096 128 2 8 6.00 0.990000 32.566 1.000 0.101455
COST 4096 256 2 4 6.00 0.992761 32.748 1.000 0.245722
COST 4096 256 2 8 6.00 0.992761 32.748 1.000 0.228009
COST 4096 512 2 4 6.00 0.996222 32.977 1.000 0.481000
COST 4096 512 2 8 6.00 0.996222 32.977 1.000 0.501837
COST 4096 1024 2 4 6.00 0.999010 33.162 1.000 0.910484
COST 4096 1024 2 8 6.00 0.999010 33.162 1.000 1.000000
COST 4096 2048 2 4 6.00 1.000000 33.227 1.000 2.621634
COST 4096 2048 2 8 6.00 1.000000 33.227 1.000 2.615443
COST 4096 64 2 4 6.00 0.970504 31.342 1.000 0.115536
COST 4096 64 2 8 6.00 0.970504 31.342 1.000 0.113586
COST 4096 128 2 4 6.00 0.989616 32.576 1.000 0.112404
COST 4096 128 2 8 6.00 0.989616 32.576 1.000 0.113591
COST 4096 256 2 4 6.00 0.990000 32.601 1.000 0.253949
COST 4096 256 2 8 6.00 0.990000 32.601 1.000 0.252935
COST 4096 512 2 4 6.00 0.994781 32.916 1.000 0.529213
COST 4096 512 2 8 6.00 0.994781 32.916 1.000 0.530606
COST 4096 1024 2 4 6.00 0.998632 33.172 1.000 0.981367
COST 4096 1024 2 8 6.00 0.998632 33.172 1.000 1.000000
COST 4096 2048 2 4 6.00 1.000000 33.263 1.000 2.975666
COST 4096 2048 2 8 6.00 1.000000 33.263 1.000 2.868637
COST 4096 64 2 4 6.00 0.970493 31.345 1.000 0.122437
COST 4096 64 2 8 6.00 0.970493 31.345 1.000 0.110025
COST 4096 128 2 4 6.00 0.989616 32.580 1.000 0.113889
COST 4096 128 2 8 6.00 0.989616 32.580 1.000 0.112371
COST 4096 256 2 4 6.00 0.990000 32.606 1.000 0.252260
COST 4096 256 2 8 6.00 0.990000 32.606 1.000 0.250803
COST 4096 512 2 4 6.00 0.990000 32.606 1.000 0.522771
COST 4096 512 2 8 6.00 0.990000 32.606 1.000 0.520974
COST 4096 1024 2 4 6.00 0.997378 33.093 1.000 0.976305
COST 4096 1024 2 8 6.00 0.997378 33.093 1.000 1.000000
COST 4096 2048 2 4 6.00 1.000000 33.267 1.000 2.818797
COST 4096 2048 2 8 6.00 1.000000 33.267 1.000 2.820908
COST 4096 64 2 4 6.00 0.970488 31.347 1.000 0.126353
COST 4096 64 2 8 6.00 0.970488 31.347 1.000 0.109810
COST 4096 128 2 4 6.00 0.989615 32.583 1.000 0.113520
COST 4096 128 2 8 6.00 0.989615 32.583 1.000 0.113286
COST 4096 256 2 4 6.00 0.990000 32.608 1.000 0.255913
COST 4096 256 2 8 6.00 0.990000 32.608 1.000 0.258997
COST 4096 512 2 4 6.00 0.990000 32.608 1.000 0.563647
COST 4096 512 2 8 6.00 0.990000 32.608 1.000 0.527184
COST 4096 1024 2 4 6.00 0.990000 32.608 1.000 1.058946
COST 4096 1024 2 8 6.00 0.990000 32.608 1.000 1.000000
COST 4096 2048 2 4 6.00 1.000000 33.270 1.000 2.815355
COST 4096 2048 2 8 6.00 1.000000 33.270 1.000 2.883662
COST 4096 64 2 4 6.00 0.980288 31.348 1.000 0.118556
COST 4096 64 2 8 6.00 0.980288 31.348 1.000 0.110676
COST 4096 128 2 4 6.00 0.999611 32.584 1.000 0.113577
COST 4096 128 2 8 6.00 0.999611 32.584 1.000 0.110848
COST 4096 256 2 4 6.00 1.000000 32.609 1.000 0.256182
COST 4096 256 2 8 6.00 1.000000 32.609 1.000 0.249980
COST 4096 512 2 4 6.00 1.000000 32.609 1.000 0.529543
COST 4096 512 2 8 6.00 1.000000 32.609 1.000 0.525166
COST 4096 1024 2 4 6.00 1.000000 32.609 1.000 0.982914
COST 4096 1024 2 8 6.00 1.000000 32.609 1.000 1.000000
COST 4096 2048 2 4 6.00 1.000000 32.609 1.000 2.921572
COST 4096 2048 2 8 6.00 1.000000 32.609 1.000 2.889973
COST 4096 64 2 4 6.50 0.900000 8.132 1.000 0.080612
COST 4096 64 2 8 6.50 0.900000 8.132 1.000 0.079583
COST 4096 128 2 4 6.50 0.914890 8.403 1.000 0.112719
COST 4096 128 2 8 6.50 0.914890 8.403 1.000 0.114068
COST 4096 256 2 4 6.50 0.938391 8.840 1.000 0.263316
COST 4096 256 2 8 6.50 0.938391 8.840 1.000 0.260762
COST 4096 512 2 4 6.50 0.967848 9.404 1.000 0.534231
COST 4096 512 2 8 6.50 0.967848 9.404 1.000 0.532645
COST 4096 1024 2 4 6.50 0.991570 9.870 1.000 0.994890
COST 4096 1024 2 8 6.50 0.991570 9.870 1.000 1.000000
COST 4096 2048 2 4 6.50 1.000000 10.039 1.000 2.991323
COST 4096 2048 2 8 6.50 1.000000 10.039 1.000 2.939198
COST 4096 64 2 4 6.50 0.900000 8.137 1.000 0.078920
COST 4096 64 2 8 6.50 0.900000 8.137 1.000 0.077978
COST 4096 128 2 4 6.50 0.900000 8.137 1.000 0.109009
COST 4096 128 2 8 6.50 0.900000 8.137 1.000 0.107860
COST 4096 256 2 4 6.50 0.927612 8.643 1.000 0.249449
COST 4096 256 2 8 6.50 0.927612 8.643 1.000 0.249971
COST 4096 512 2 4 6.50 0.962223 9.300 1.000 0.518171
COST 4096 512 2 8 6.50 0.962223 9.300 1.000 0.516474
COST 4096 1024 2 4 6.50 0.990096 9.846 1.000 0.966022
COST 4096 1024 2 8 6.50 0.990096 9.846 1.000 1.000000
COST 4096 2048 2 4 6.50 1.000000 10.044 1.000 2.819777
COST 4096 2048 2 8 6.50 1.000000 10.044 1.000 2.783723
COST 4096 64 2 4 6.50 0.900000 8.139 1.000 0.081463
COST 4096 64 2 8 6.50 0.900000 8.139 1.000 0.078878
COST 4096 128 2 4 6.50 0.900000 8.139 1.000 0.112109
COST 4096 128 2 8 6.50 0.900000 8.139 1.000 0.113475
COST 4096 256 2 4 6.50 0.900000 8.139 1.000 0.255821
COST 4096 256 2 8 6.50 0.900000 8.139 1.000 0.256998
COST 4096 512 2 4 6.50 0.947813 9.026 1.000 0.534313
COST 4096 512 2 8 6.50 0.947813 9.026 1.000 0.531760
COST 4096 1024 2 4 6.50 0.986318 9.774 1.000 0.996318
COST 4096 1024 2 8 6.50 0.986318 9.774 1.000 1.000000
COST 4096 2048 2 4 6.50 1.000000 10.047 1.000 2.880610
COST 4096 2048 2 8 6.50 1.000000 10.047 1.000 2.868951
COST 4096 64 2 4 6.50 0.900000 8.140 1.000 0.078124
COST 4096 64 2 8 6.50 0.900000 8.140 1.000 0.075838
COST 4096 128 2 4 6.50 0.900000 8.140 1.000 0.109309
COST 4096 128 2 8 6.50 0.900000 8.140 1.000 0.111313
COST 4096 256 2 4 6.50 0.900000 8.140 1.000 0.249860
COST 4096 256 2 8 6.50 0.900000 8.140 1.000 0.248863
COST 4096 512 2 4 6.50 0.900000 8.140 1.000 0.512959
COST 4096 512 2 8 6.50 0.900000 8.140 1.000 0.518791
COST 4096 1024 2 4 6.50 0.973782 9.528 1.000 0.957143
COST 4096 1024 2 8 6.50 0.973782 9.528 1.000 1.000000
COST 4096 2048 2 4 6.50 1.000000 10.048 1.000 2.793285
COST 4096 2048 2 8 6.50 1.000000 10.048 1.000 2.789334
COST 4096 64 2 4 6.50 0.900000 8.141 1.000 0.083075
COST 4096 64 2 8 6.50 0.900000 8.141 1.000 0.079684
COST 4096 128 2 4 6.50 0.900000 8.141 1.000 0.114073
COST 4096 128 2 8 6.50 0.900000 8.141 1.000 0.114598
COST 4096 256 2 4 6.50 0.900000 8.141 1.000 0.260705
COST 4096 256 2 8 6.50 0.900000 8.141 1.000 0.259314
COST 4096 512 2 4 6.50 0.900000 8.141 1.000 0.543962
COST 4096 512 2 8 6.50 0.900000 8.141 1.000 0.535607
COST 4096 1024 2 4 6.50 0.900000 8.141 1.000 1.002198
COST 4096 1024 2 8 6.50 0.900000 8.141 1.000 1.000000
COST 4096 2048 2 4 6.50 1.000000 10.049 1.000 2.932163
COST 4096 2048 2 8 6.50 1.000000 10.049 1.000 2.890492
COST 4096 64 2 4 6.50 1.000000 8.141 1.000 0.081953
COST 4096 64 2 8 6.50 1.000000 8.141 1.000 0.080732
COST 4096 128 2 4 6.50 1.000000 8.141 1.000 0.114595
COST 4096 128 2 8 6.50 1.000000 8.141 1.000 0.113274
COST 4096 256 2 4 6.50 1.000000 8.141 1.000 0.259739
COST 4096 256 2 8 6.50 1.000000 8.141 1.000 0.262393
COST 4096 512 2 4 6.50 1.000000 8.141 1.000 0.539220
COST 4096 512 2 8 6.50 1.000000 8.141 1.000 0.536143
COST 4096 1024 2 4 6.50 1.000000 8.141 1.000 0.996309
COST 4096 1024 2 8 6.50 1.000000 8.141 1.000 1.000000
COST 4096 2048 2 4 6.50 1.000000 8.141 1.000 2.925637
COST 4096 2048 2 8 6.50 1.000000 8.141 1.000 2.946418
COST 4096 64 2 4 6.50 0.900000 32.122 1.000 0.107384
COST 4096 64 2 8 6.50 0.900000 32.122 1.000 0.104079
COST 4096 128 2 4 6.50 0.914890 33.189 1.000 0.112302
COST 4096 128 2 8 6.50 0.914890 33.189 1.000 0.111183
COST 4096 256 2 4 6.50 0.938391 34.910 1.000 0.253688
COST 4096 256 2 8 6.50 0.938391 34.910 1.000 0.252648
COST 4096 512 2 4 6.50 0.967848 37.131 1.000 0.535472
COST 4096 512 2 8 6.50 0.967848 37.131 1.000 0.525253
COST 4096 1024 2 4 6.50 0.991570 38.972 1.000 0.987489
COST 4096 1024 2 8 6.50 0.991570 38.972 1.000 1.000000
COST 4096 2048 2 4 6.50 1.000000 39.637 1.000 2.886825
COST 4096 2048 2 8 6.50 1.000000 39.637 1.000 2.849408
COST 4096 64 2 4 6.50 0.882638 31.334 1.000 0.109487
COST 4096 64 2 8 6.50 0.882638 31.334 1.000 0.107592
COST 4096 128 2 4 6.50 0.900000 32.566 1.000 0.113405
COST 4096 128 2 8 6.50 0.900000 32.566 1.000 0.113141
COST 4096 256 2 4 6.50 0.927612 34.587 1.000 0.255080
COST 4096 256 2 8 6.50 0.927612 34.587 1.000 0.255439
COST 4096 512 2 4 6.50 0.962223 37.209 1.000 0.533168
COST 4096 512 2 8 6.50 0.962223 37.209 1.000 0.531662
COST 4096 1024 2 4 6.50 0.990096 39.393 1.000 0.996096
COST 4096 1024 2 8 6.50 0.990096 39.393 1.000 1.000000
COST 4096 2048 2 4 6.50 1.000000 40.185 1.000 2.891022
COST 4096 2048 2 8 6.50 1.000000 40.185 1.000 2.897167
COST 4096 64 2 4 6.50 0.882277 31.342 1.000 0.108597
COST 4096 64 2 8 6.50 0.882277 31.342 1.000 0.100781
COST 4096 128 2 4 6.50 0.899651 32.576 1.000 0.111709
COST 4096 128 2 8 6.50 0.899651 32.576 1.000 0.115896
COST 4096 256 2 4 6.50 0.900000 32.601 1.000 0.251926
COST 4096 256 2 8 6.50 0.900000 32.601 1.000 0.251226
COST 4096 512 2 4 6.50 0.947813 36.143 1.000 0.532977
COST 4096 512 2 8 6.50 0.947813 36.143 1.000 0.522131
COST 4096 1024 2 4 6.50 0.986318 39.134 1.000 0.975856
COST 4096 1024 2 8 6.50 0.986318 39.134 1.000 1.000000
COST 4096 2048 2 4 6.50 1.000000 40.227 1.000 2.813173
COST 4096 2048 2 8 6.50 1.000000 40.227 1.000 2.797912
COST 4096 64 2 4 6.50 0.882267 31.345 1.000 0.111531
COST 4096 64 2 8 6.50 0.882267 31.345 1.000 0.107512
COST 4096 128 2 4 6.50 0.899651 32.580 1.000 0.117631
COST 4096 128 2 8 6.50 0.899651 32.580 1.000 0.113719
COST 4096 256 2 4 6.50 0.900000 32.606 1.000 0.258329
COST 4096 256 2 8 6.50 0.900000 32.606 1.000 0.258079
COST 4096 512 2 4 6.50 0.900000 32.606 1.000 0.549119
COST 4096 512 2 8 6.50 0.900000 32.606 1.000 0.541155
COST 4096 1024 2 4 6.50 0.973782 38.152 1.000 1.007936
COST 4096 1024 2 8 6.50 0.973782 38.152 1.000 1.000000
COST 4096 2048 2 4 6.50 1.000000 40.233 1.000 2.977645
COST 4096 2048 2 8 6.50 1.000000 40.233 1.000 2.893585
COST 4096 64 2 4 6.50 0.882262 31.347 1.000 0.109465
COST 4096 64 2 8 6.50 0.882262 31.347 1.000 0.107225
COST 4096 128 2 4 6.50 0.899650 32.583 1.000 0.114569
COST 4096 128 2 8 6.50 0.899650 32.583 1.000 0.115049
COST 4096 256 2 4 6.50 0.900000 32.608 1.000 0.260065
COST 4096 256 2 8 6.50 0.900000 32.608 1.000 0.259606
COST 4096 512 2 4 6.50 0.900000 32.608 1.000 0.539415
COST 4096 512 2 8 6.50 0.900000 32.608 1.000 0.540087
COST 4096 1024 2 4 6.50 0.900000 32.608 1.000 1.013194
COST 4096 1024 2 8 6.50 0.900000 32.608 1.000 1.000000
COST 4096 2048 2 4 6.50 1.000000 40.233 1.000 2.932545
COST 4096 2048 2 8 6.50 1.000000 40.233 1.000 2.899641
COST 4096 64 2 4 6.50 0.980288 31.348 1.000 0.089549
COST 4096 64 2 8 6.50 0.980288 31.348 1.000 0.083764
COST 4096 128 2 4 6.50 0.999611 32.584 1.000 0.114021
COST 4096 128 2 8 6.50 0.999611 32.584 1.000 0.114570
COST 4096 256 2 4 6.50 1.000000 32.609 1.000 0.257953
COST 4096 256 2 8 6.50 1.000000 32.609 1.000 0.260299
COST 4096 512 2 4 6.50 1.000000 32.609 1.000 0.537959
COST 4096 512 2 8 6.50 1.000000 32.609 1.000 0.531686
COST 4096 1024 2 4 6.50 1.000000 32.609 1.000 1.010320
COST 4096 1024 2 8 6.50 1.000000 32.609 1.000 1.000000
COST 4096 2048 2 4 6.50 1.000000 32.609 1.000 2.935922
COST 4096 2048 2 8 6.50 1.000000 32.609 1.000 2.918921
COST 4096 64 2 4 6.50 0.990000 8.132 1.000 0.080426
COST 4096 64 2 8 6.50 0.990000 8.132 1.000 0.076114
COST 4096 128 2 4 6.50 0.991489 8.157 1.000 0.110957
COST 4096 128 2 8 6.50 0.991489 8.157 1.000 0.109323
COST 4096 256 2 4 6.50 0.993839 8.196 1.000 0.248268
COST 4096 256 2 8 6.50 0.993839 8.196 1.000 0.247645
COST 4096 512 2 4 6.50 0.996785 8.244 1.000 0.513748
COST 4096 512 2 8 6.50 0.996785 8.244 1.000 0.514066
COST 4096 1024 2 4 6.50 0.999157 8.283 1.000 0.957301
COST 4096 1024 2 8 6.50 0.999157 8.283 1.000 1.000000
COST 4096 2048 2 4 6.50 1.000000 8.297 1.000 2.858170
COST 4096 2048 2 8 6.50 1.000000 8.297 1.000 2.837096
COST 4096 64 2 4 6.50 0.990000 8.137 1.000 0.082629
COST 4096 64 2 8 6.50 0.990000 8.137 1.000 0.079078
COST 4096 128 2 4 6.50 0.990000 8.137 1.000 0.112767
COST 4096 128 2 8 6.50 0.990000 8.137 1.000 0.111965
COST 4096 256 2 4 6.50 0.992761 8.182 1.000 0.255432
COST 4096 256 2 8 6.50 0.992761 8.182 1.000 0.256628
COST 4096 512 2 4 6.50 0.996222 8.239 1.000 0.531113
COST 4096 512 2 8 6.50 0.996222 8.239 1.000 0.537061
COST 4096 1024 2 4 6.50 0.999010 8.286 1.000 0.981183
COST 4096 1024 2 8 6.50 0.999010 8.286 1.000 1.000000
COST 4096 2048 2 4 6.50 1.000000 8.302 1.000 2.878157
COST 4096 2048 2 8 6.50 1.000000 8.302 1.000 2.941255
COST 4096 64 2 4 6.50 0.990000 8.139 1.000 0.080066
COST 4096 64 2 8 6.50 0.990000 8.139 1.000 0.079039
COST 4096 128 2 4 6.50 0.990000 8.139 1.000 0.112562
COST 4096 128 2 8 6.50 0.990000 8.139 1.000 0.114965
COST 4096 256 2 4 6.50 0.990000 8.139 1.000 0.257561
COST 4096 256 2 8 6.50 0.990000 8.139 1.000 0.257330
COST 4096 512 2 4 6.50 0.994781 8.218 1.000 0.529922
COST 4096 512 2 8 6.50 0.994781 8.218 1.000 0.530728
COST 4096 1024 2 4 6.50 0.998632 8.281 1.000 0.985691
COST 4096 1024 2 8 6.50 0.998632 8.281 1.000 1.000000
COST 4096 2048 2 4 6.50 1.000000 8.304 1.000 2.881525
COST 4096 2048 2 8 6.50 1.000000 8.304 1.000 2.853075
COST 4096 64 2 4 6.50 0.990000 8.140 1.000 0.080936
COST 4096 64 2 8 6.50 0.990000 8.140 1.000 0.079896
COST 4096 128 2 4 6.50 0.990000 8.140 1.000 0.114222
COST 4096 128 2 8 6.50 0.990000 8.140 1.000 0.115213
COST 4096 256 2 4 6.50 0.990000 8.140 1.000 0.260009
COST 4096 256 2 8 6.50 0.990000 8.140 1.000 0.261616
COST 4096 512 2 4 6.50 0.990000 8.140 1.000 0.538453
COST 4096 512 2 8 6.50 0.990000 8.140 1.000 0.539005
COST 4096 1024 2 4 6.50 0.997378 8.262 1.000 0.993968
COST 4096 1024 2 8 6.50 0.997378 8.262 1.000 1.000000
COST 4096 2048 2 4 6.50 1.000000 8.305 1.000 2.891402
COST 4096 2048 2 8 6.50 1.000000 8.305 1.000 2.894770
COST 4096 64 2 4 6.50 0.990000 8.141 1.000 0.083882
COST 4096 64 2 8 6.50 0.990000 8.141 1.000 0.079213
COST 4096 128 2 4 6.50 0.990000 8.141 1.000 0.114421
COST 4096 128 2 8 6.50 0.990000 8.141 1.000 0.112254
COST 4096 256 2 4 6.50 0.990000 8.141 1.000 0.255804
COST 4096 256 2 8 6.50 0.990000 8.141 1.000 0.260898
COST 4096 512 2 4 6.50 0.990000 8.141 1.000 0.524507
COST 4096 512 2 8 6.50 0.990000 8.141 1.000 0.528015
COST 4096 1024 2 4 6.50 0.990000 8.141 1.000 0.981329
COST 4096 1024 2 8 6.50 0.990000 8.141 1.000 1.000000
COST 4096 2048 2 4 6.50 1.000000 8.306 1.000 2.969892
COST 4096 2048 2 8 6.50 1.000000 8.306 1.000 2.902717
COST 4096 64 2 4 6.50 1.000000 8.141 1.000 0.081911
COST 4096 64 2 8 6.50 1.000000 8.141 1.000 0.079098
COST 4096 128 2 4 6.50 1.000000 8.141 1.000 0.114044
COST 4096 128 2 8 6.50 1.000000 8.141 1.000 0.112517
COST 4096 256 2 4 6.50 1.000000 8.141 1.000 0.257912
COST 4096 256 2 8 6.50 1.000000 8.141 1.000 0.258577
COST 4096 512 2 4 6.50 1.000000 8.141 1.000 0.537075
COST 4096 512 2 8 6.50 1.000000 8.141 1.000 0.533540
COST 4096 1024 2 4 6.50 1.000000 8.141 1.000 0.990742
COST 4096 1024 2 8 6.50 1.000000 8.141 1.000 1.000000
COST 4096 2048 2 4 6.50 1.000000 8.141 1.000 2.870874
COST 4096 2048 2 8 6.50 1.000000 8.141 1.000 2.876342
COST 4096 64 2 4 6.50 0.990000 32.122 1.000 0.080614
COST 4096 64 2 8 6.50 0.990000 32.122 1.000 0.079563
COST 4096 128 2 4 6.50 0.991489 32.219 1.000 0.125470
COST 4096 128 2 8 6.50 0.991489 32.219 1.000 0.113128
COST 4096 256 2 4 6.50 0.993839 32.371 1.000 0.255705
COST 4096 256 2 8 6.50 0.993839 32.371 1.000 0.254560
COST 4096 512 2 4 6.50 0.996785 32.564 1.000 0.535902
COST 4096 512 2 8 6.50 0.996785 32.564 1.000 0.525947
COST 4096 1024 2 4 6.50 0.999157 32.719 1.000 0.980741
COST 4096 1024 2 8 6.50 0.999157 32.719 1.000 1.000000
COST 4096 2048 2 4 6.50 1.000000 32.774 1.000 2.853546
COST 4096 2048 2 8 6.50 1.000000 32.774 1.000 2.902617
COST 4096 64 2 4 6.50 0.970902 31.334 1.000 0.083493
COST 4096 64 2 8 6.50 0.970902 31.334 1.000 0.080226
COST 4096 128 2 4 6.50 0.990000 32.566 1.000 0.109911
COST 4096 128 2 8 6.50 0.990000 32.566 1.000 0.110691
COST 4096 256 2 4 6.50 0.992761 32.748 1.000 0.244619
COST 4096 256 2 8 6.50 0.992761 32.748 1.000 0.246707
COST 4096 512 2 4 6.50 0.996222 32.977 1.000 0.512072
COST 4096 512 2 8 6.50 0.996222 32.977 1.000 0.509021
COST 4096 1024 2 4 6.50 0.999010 33.162 1.000 0.950317
COST 4096 1024 2 8 6.50 0.999010 33.162 1.000 1.000000
COST 4096 2048 2 4 6.50 1.000000 33.227 1.000 2.791270
COST 4096 2048 2 8 6.50 1.000000 33.227 1.000 2.809688
COST 4096 64 2 4 6.50 0.970504 31.342 1.000 0.084718
COST 4096 64 2 8 6.50 0.970504 31.342 1.000 0.085418
COST 4096 128 2 4 6.50 0.989616 32.576 1.000 0.113603
COST 4096 128 2 8 6.50 0.989616 32.576 1.000 0.112623
COST 4096 256 2 4 6.50 0.990000 32.601 1.000 0.256273
COST 4096 256 2 8 6.50 0.990000 32.601 1.000 0.255534
COST 4096 512 2 4 6.50 0.994781 32.916 1.000 0.533491
COST 4096 512 2 8 6.50 0.994781 32.916 1.000 0.534074
COST 4096 1024 2 4 6.50 0.998632 33.172 1.000 0.993286
COST 4096 1024 2 8 6.50 0.998632 33.172 1.000 1.000000
COST 4096 2048 2 4 6.50 1.000000 33.263 1.000 2.924617
COST 4096 2048 2 8 6.50 1.000000 33.263 1.000 2.902813
COST 4096 64 2 4 6.50 0.970493 31.345 1.000 0.086313
COST 4096 64 2 8 6.50 0.970493 31.345 1.000 0.084151
COST 4096 128 2 4 6.50 0.989616 32.580 1.000 0.112396
COST 4096 128 2 8 6.50 0.989616 32.580 1.000 0.114384
COST 4096 256 2 4 6.50 0.990000 32.606 1.000 0.264164
COST 4096 256 2 8 6.50 0.990000 32.606 1.000 0.255853
COST 4096 512 2 4 6.50 0.990000 32.606 1.000 0.534647
COST 4096 512 2 8 6.50 0.990000 32.606 1.000 0.528943
COST 4096 1024 2 4 6.50 0.997378 33.093 1.000 0.982565
COST 4096 1024 2 8 6.50 0.997378 33.093 1.000 1.000000
COST 4096 2048 2 4 6.50 1.000000 33.267 1.000 2.840114
COST 4096 2048 2 8 6.50 1.000000 33.267 1.000 2.795565
COST 4096 64 2 4 6.50 0.970488 31.347 1.000 0.087035
COST 4096 64 2 8 6.50 0.970488 31.347 1.000 0.083133
COST 4096 128 2 4 6.50 0.989615 32.583 1.000 0.114165
COST 4096 128 2 8 6.50 0.989615 32.583 1.000 0.112732
COST 4096 256 2 4 6.50 0.990000 32.608 1.000 0.254417
COST 4096 256 2 8 6.50 0.990000 32.608 1.000 0.257125
COST 4096 512 2 4 6.50 0.990000 32.608 1.000 0.533755
COST 4096 512 2 8 6.50 0.990000 32.608 1.000 0.529737
COST 4096 1024 2 4 6.50 0.990000 32.608 1.000 0.979444
COST 4096 1024 2 8 6.50 0.990000 32.608 1.000 1.000000
COST 4096 2048 2 4 6.50 1.000000 33.270 1.000 2.913717
COST 4096 2048 2 8 6.50 1.000000 33.270 1.000 2.916803
COST 4096 64 2 4 6.50 0.980288 31.348 1.000 0.085596
COST 4096 64 2 8 6.50 0.980288 31.348 1.000 0.077301
COST 4096 128 2 4 6.50 0.999611 32.584 1.000 0.106788
COST 4096 128 2 8 6.50 0.999611 32.584 1.000 0.112743
COST 4096 256 2 4 6.50 1.000000 32.609 1.000 0.253050
COST 4096 256 2 8 6.50 1.000000 32.609 1.000 0.253731
COST 4096 512 2 4 6.50 1.000000 32.609 1.000 0.523432
COST 4096 512 2 8 6.50 1.000000 32.609 1.000 0.522549
COST 4096 1024 2 4 6.50 1.000000 32.609 1.000 1.119331
COST 4096 1024 2 8 6.50 1.000000 32.609 1.000 1.000000
COST 4096 2048 2 4 6.50 1.000000 32.609 1.000 2.803194
COST 4096 2048 2 8 6.50 1.000000 32.609 1.000 2.749953
